200601 42.219
200602 38.877
200603 40.815
200604 39.120
200605 38.430
200606 44.124
200607 45.367
200608 42.272
200609 32.154
200610 38.936
200611 39.065
200612 40.471
200701 38.490
200702 36.529
200703 40.545
200704 33.478
200705 34.222
200706 39.131
200707 48.429
200708 44.428
200709 35.202
200710 38.802
200711 36.588
200712 37.977
200801 23.194
200802 23.112
200803 24.967
200804 33.032
200805 36.528
200806 42.253
200807 45.955
200808 46.230
200809 43.078
200810 45.460
200811 43.630
200812 24.554
200901 33.777
200902 24.731
200903 21.932
200904 39.654
200905 37.125
200906 36.572
200907 40.234
200908 33.678
200909 37.232
200910 37.993
200911 25.232
200912 36.560
201001 8.248
201002 11.411
201003 16.594
201004 16.234
201005 25.335
201006 25.268
201007 27.431
201008 15.205
201009 16.940
201010 16.280
201011 27.090
201012 28.196
201101 17.877
201102 17.670
201103 16.172
201104 15.785
201105 15.207
201106 15.637
201107 22.463
201108 8.580
201109 8.589
201110 8.295
201111 25.522
201112 17.799
201201 9.601
201202 26.742
201203 10.229
201204 9.825
201205 7.381
201206 22.857
201207 25.393
201208 11.863
201209 10.745
201210 17.608
201211 17.772
201212 28.286
201301 13.297
201302 12.431
201303 29.561
201304 25.227
201305 29.924
201306 12.717
201307 30.347
201308 18.509
201309 27.437
201310 12.346
201311 12.576
201312 27.564
201401 11.691
201402 29.858
201403 29.361
201404 20.914
201405 30.259
201406 30.700
201407 8.232
201408 7.715
201409 8.153
201410 7.410
201411 5.977
201412 13.759
201501 5.966
201502 5.000
201503 6.919
201504 996
