200601 36.799
200602 35.919
200603 38.992
200604 36.335
200605 40.751
200606 39.554
200607 35.985
200608 29.102
200609 36.859
200610 39.586
200611 35.898
200612 43.362
200701 46.532
200702 41.353
200703 44.143
200704 38.715
200705 24.765
200706 39.720
200707 35.560
200708 30.972
200709 23.523
200710 37.419
200711 36.924
200712 33.501
200801 45.042
200802 40.766
200803 41.055
200804 40.975
200805 43.080
200806 36.407
200807 34.795
200808 22.263
200809 34.675
200810 15.195
200811 30.986
200812 29.739
200901 32.357
200902 29.906
200903 31.355
200904 29.325
200905 31.600
200906 30.261
200907 30.513
200908 25.173
200909 29.256
200910 13.340
200911 13.876
200912 12.849
201001 30.634
201002 29.663
201003 28.397
201004 28.532
201005 24.654
201006 28.579
201007 26.991
201008 23.191
201009 24.558
201010 29.721
201011 30.127
201012 29.604
201101 32.193
201102 27.639
201103 31.993
201104 27.467
201105 30.571
201106 27.214
201107 27.211
201108 27.479
201109 38.756
201110 41.088
201111 39.715
201112 41.255
201201 45.042
201202 37.770
201203 50.747
201204 42.172
201205 44.231
201206 42.344
201207 43.344
201208 41.739
201209 41.405
201210 49.951
201211 48.523
201212 57.568
201301 58.187
201302 49.341
201303 47.109
201304 49.687
201305 57.505
201306 51.456
201307 52.037
201308 39.771
201309 54.765
201310 43.620
201311 45.029
201312 47.316
201401 54.562
201402 41.974
201403 48.661
201404 44.090
201405 50.159
201406 45.233
201407 35.486
201408 29.313
201409 39.147
201410 35.208
201411 33.518
201412 35.591
201501 35.441
201502 33.562
201503 37.754
201504 34.958
