200601 832
200602 436
200603 613
200604 632
200605 609
200606 674
200607 711
200608 558
200609 664
200610 732
200611 18
200612 16
200701 682
200702 381
200703 774
200704 676
200705 86
200706 652
200707 720
200708 605
200709 516
200710 509
200711 0
200712 706
200801 0
200802 811
200803 727
200804 554
200805 732
200806 660
200807 583
200808 734
200809 632
200810 765
200811 355
200812 680
200901 715
200902 441
200903 629
200904 684
200905 653
200906 617
200907 581
200908 596
200909 777
200910 654
200911 588
200912 655
201001 505
201002 690
201003 519
201004 653
201005 656
201006 639
201007 565
201008 481
201009 614
201010 648
201011 632
201012 749
201101 589
201102 542
201103 598
201104 484
201105 649
201106 608
201107 614
201108 630
201109 717
201110 0
201111 0
201112 0
201201 0
201202 513
201203 388
201204 514
201205 566
201206 540
201207 0
201208 0
201209 0
201210 0
201211 295
201212 521
201301 529
201302 497
201303 498
201304 500
201305 223
201306 270
201307 802
201308 628
201309 580
201310 696
201311 572
201312 485
201401 517
201402 572
201403 579
201404 554
201405 182
201406 657
201407 551
201408 616
201409 540
201410 486
201411 483
201412 527
201501 573
201502 439
201503 492
201504 0
