200601 37.631
200602 36.355
200603 39.605
200604 36.967
200605 41.360
200606 40.228
200607 36.696
200608 29.660
200609 37.523
200610 40.318
200611 36.080
200612 44.534
200701 47.214
200702 41.734
200703 44.917
200704 39.391
200705 24.851
200706 40.372
200707 36.280
200708 31.577
200709 24.039
200710 37.928
200711 36.924
200712 34.207
200801 45.042
200802 41.577
200803 41.782
200804 41.529
200805 43.812
200806 37.067
200807 35.378
200808 22.997
200809 35.307
200810 15.960
200811 31.341
200812 30.419
200901 33.072
200902 30.347
200903 31.984
200904 30.009
200905 32.253
200906 30.878
200907 31.094
200908 25.769
200909 30.033
200910 13.994
200911 14.464
200912 13.504
201001 31.139
201002 30.353
201003 28.916
201004 29.185
201005 25.310
201006 29.218
201007 27.556
201008 23.672
201009 25.172
201010 30.369
201011 30.759
201012 30.353
201101 32.782
201102 28.181
201103 32.591
201104 27.951
201105 31.220
201106 27.822
201107 27.825
201108 28.109
201109 39.473
201110 41.088
201111 39.715
201112 41.255
201201 45.042
201202 38.283
201203 51.135
201204 42.686
201205 44.797
201206 42.884
201207 43.344
201208 41.739
201209 41.405
201210 49.951
201211 48.818
201212 58.089
201301 58.716
201302 49.838
201303 47.607
201304 50.187
201305 57.728
201306 51.726
201307 52.839
201308 40.399
201309 55.345
201310 44.316
201311 45.601
201312 47.801
201401 55.079
201402 42.546
201403 49.240
201404 44.644
201405 50.341
201406 45.890
201407 36.037
201408 29.929
201409 39.687
201410 35.694
201411 34.001
201412 36.118
201501 36.014
201502 34.001
201503 38.246
201504 34.958
