200601 5028
200602 4636
200603 4732
200604 3337
200605 3664
200606 3511
200607 3740
200608 2372
200609 3417
200610 3085
200611 2698
200612 3393
200701 4305
200702 3643
200703 3871
200704 636
200705 2188
200706 4538
200707 4332
200708 3820
200709 4758
200710 4645
200711 4206
200712 4410
200801 4347
200802 3664
200803 3578
200804 3928
200805 3701
200806 4330
200807 3747
200808 3222
200809 4183
200810 4161
200811 3138
200812 4428
200901 4458
200902 4560
200903 4836
200904 4614
200905 4795
200906 4057
200907 3836
200908 1491
200909 3720
200910 3900
200911 4476
200912 4729
201001 4611
201002 4633
201003 4812
201004 4731
201005 4346
201006 4604
201007 4917
201008 2808
201009 4787
201010 2961
201011 4901
201012 4754
201101 6500
201102 5820
201103 6129
201104 4420
201105 4835
201106 4557
201107 4740
201108 2340
201109 4689
201110 4583
201111 4976
201112 4825
201201 4143
201202 4298
201203 5293
201204 5279
201205 5538
201206 5206
201207 4879
201208 2211
201209 4640
201210 4582
201211 4629
201212 3868
201301 4548
201302 3991
201303 5623
201304 5224
201305 4383
201306 5046
201307 5183
201308 1996
201309 4418
201310 2877
201311 4182
201312 4564
201401 5149
201402 3195
201403 1865
201404 888
201405 3086
201406 2487
201407 2765
201408 878
201409 1694
201410 3340
201411 2916
201412 3102
201501 15673
201502 15669
201503 16722
201504 2180
