200601 1.608
200602 1.531
200603 1.626
200604 1.377
200605 1.617
200606 1.678
200607 1.593
200608 1.682
200609 1.610
200610 1.538
200611 1.540
200612 1.382
200701 1.683
200702 1.530
200703 1.228
200704 1.310
200705 1.440
200706 1.467
200707 3.062
200708 0
200709 6.729
200710 7.180
200711 6.889
200712 6.272
200801 6.414
200802 5.353
200803 5.219
200804 1.360
200805 0
200806 0
200807 0
200808 0
200809 0
200810 0
200811 0
200812 0
200901 0
200902 0
200903 0
200904 0
200905 0
200906 0
200907 0
200908 0
200909 0
200910 0
200911 0
200912 0
201001 0
201002 0
201003 0
201004 0
201005 0
201006 0
201007 0
201008 0
201009 0
201010 0
201011 0
201012 0
201101 0
201102 0
201103 0
201104 0
201105 0
201106 0
201107 0
201108 0
201109 0
201110 0
201111 0
201112 0
201201 0
201202 0
201203 0
201204 0
201205 0
201206 0
201207 0
201208 0
201209 0
201210 0
201211 0
201212 0
201301 0
201302 0
201303 0
201304 0
201305 0
201306 0
201307 0
201308 0
201309 0
201310 0
201311 0
201312 0
201401 0
201402 0
201403 0
201404 0
201405 0
201406 0
201407 0
201408 0
201409 0
201410 0
201411 0
201412 0
201501 0
201502 0
201503 0
201504 0
