200601 24.712
200602 19.763
200603 24.102
200604 21.284
200605 20.054
200606 11.701
200607 19.688
200608 12.558
200609 13.682
200610 15.478
200611 23.117
200612 6.315
200701 17.708
200702 13.682
200703 23.531
200704 22.344
200705 23.936
200706 25.982
200707 25.394
200708 15.515
200709 25.796
200710 32.066
200711 29.295
200712 28.254
200801 30.791
200802 28.704
200803 27.439
200804 27.364
200805 28.847
200806 23.151
200807 20.527
200808 21.841
200809 26.263
200810 28.872
200811 26.755
200812 11.408
200901 29.286
200902 27.817
200903 28.939
200904 26.855
200905 15.005
200906 23.003
200907 23.117
200908 14.299
200909 21.852
200910 17.067
200911 17.520
200912 23.424
201001 24.347
201002 23.098
201003 21.339
201004 23.010
201005 22.882
201006 22.727
201007 22.792
201008 9.121
201009 16.504
201010 6.917
201011 7.237
201012 6.533
201101 7.170
201102 6.777
201103 7.887
201104 6.473
201105 7.530
201106 7.494
201107 7.114
201108 0
201109 6.636
201110 6.823
201111 7.191
201112 6.850
201201 7.507
201202 7.135
201203 7.510
201204 6.493
201205 7.496
201206 7.065
201207 7.344
201208 0
201209 6.775
201210 22.940
201211 6.502
201212 5.826
201301 7.501
201302 6.643
201303 6.429
201304 7.531
201305 7.491
201306 6.833
201307 5.099
201308 0
201309 6.852
201310 7.845
201311 6.154
201312 6.119
201401 7.486
201402 5.300
201403 4.283
201404 4.337
201405 7.269
201406 10.726
201407 11.965
201408 6.826
201409 11.437
201410 12.248
201411 9.977
201412 10.348
201501 0
201502 9.698
201503 13.538
201504 6.443
