200601 1.034
200602 1.364
200603 1.785
200604 1.108
200605 1.472
200606 1.189
200607 1.569
200608 342
200609 1.523
200610 1.829
200611 1.961
200612 1.436
200701 1.042
200702 134
200703 1.881
200704 268
200705 552
200706 1.941
200707 2.090
200708 267
200709 1.406
200710 1.783
200711 2.307
200712 1.804
200801 2.034
200802 1.892
200803 2.378
200804 1.691
200805 2.005
200806 1.677
200807 2.302
200808 277
200809 604
200810 1.609
200811 1.998
200812 0
200901 1.071
200902 1.409
200903 1.207
200904 897
200905 184
200906 1.421
200907 0
200908 978
200909 1.881
200910 1.873
200911 0
200912 0
201001 474
201002 0
201003 0
201004 1.530
201005 1.454
201006 1.935
201007 1.943
201008 211
201009 609
201010 1.685
201011 1.510
201012 890
201101 365
201102 1.250
201103 0
201104 0
201105 0
201106 0
201107 0
201108 0
201109 0
201110 0
201111 0
201112 0
201201 0
201202 0
201203 0
201204 0
201205 0
201206 0
201207 0
201208 0
201209 0
201210 0
201211 0
201212 0
201301 0
201302 0
201303 0
201304 0
201305 0
201306 0
201307 0
201308 0
201309 0
201310 0
201311 0
201312 0
201401 0
201402 0
201403 0
201404 0
201405 0
201406 0
201407 0
201408 0
201409 0
201410 0
201411 0
201412 0
201501 0
201502 0
201503 0
201504 0
