200601 27.354
200602 22.658
200603 27.513
200604 23.769
200605 23.143
200606 14.568
200607 22.850
200608 14.582
200609 16.815
200610 18.845
200611 26.618
200612 9.133
200701 20.433
200702 15.345
200703 26.640
200704 23.922
200705 25.928
200706 29.390
200707 30.546
200708 15.782
200709 33.931
200710 41.029
200711 38.491
200712 36.330
200801 39.239
200802 35.949
200803 35.035
200804 30.416
200805 30.852
200806 24.828
200807 22.829
200808 22.118
200809 26.867
200810 30.481
200811 28.753
200812 11.408
200901 30.357
200902 29.226
200903 30.146
200904 27.752
200905 15.189
200906 24.424
200907 23.117
200908 15.277
200909 23.733
200910 18.940
200911 17.520
200912 23.424
201001 24.821
201002 23.098
201003 21.339
201004 24.540
201005 24.336
201006 24.662
201007 24.735
201008 9.332
201009 17.113
201010 8.602
201011 8.747
201012 7.423
201101 7.535
201102 8.027
201103 7.887
201104 6.473
201105 7.530
201106 7.494
201107 7.114
201108 0
201109 6.636
201110 6.823
201111 7.191
201112 6.850
201201 7.507
201202 7.135
201203 7.510
201204 6.493
201205 7.496
201206 7.065
201207 7.344
201208 0
201209 6.775
201210 22.940
201211 6.502
201212 5.826
201301 7.501
201302 6.643
201303 6.429
201304 7.531
201305 7.491
201306 6.833
201307 5.099
201308 0
201309 6.852
201310 7.845
201311 6.154
201312 6.119
201401 7.486
201402 5.300
201403 4.283
201404 4.337
201405 7.269
201406 10.726
201407 11.965
201408 6.826
201409 11.437
201410 12.248
201411 9.977
201412 10.348
201501 0
201502 9.698
201503 13.538
201504 6.443
