
1.2.5 PRODUCCION BRUTA Y DISPONIBLE POR PROVINCIAS. DATOS MENSUALES                                MARZO      2013
      CENTRALES DE 1.000 kW O MAS
                                                PRODUCCION BRUTA EXPRESADA EN MWh            
                                 -------------------------------------------------------------------
                 PROVINCIA       HIDROELECT.    EOLICA    ENERG페 SOLAR *  TERMOELECT.      TOTAL
                 --------------- ----------- -----------  ---------------  ----------- -------------
                 ALAVA                24.144      23.026            1.275       33.801        82.246
                 ALBACETE             23.416     657.917           38.306       10.629       730.268
                 ALICANTE                  0           0           15.965        5.153        21.118
                 ALMERIA                   0     155.156           12.045      330.649       497.850
                 AVILA                18.403      81.453            7.714            0       107.570
                 BADAJOZ              22.108           0           69.473        5.623        97.204
                 BALEARES                  0         753           11.310      354.047       366.110
                 BARCELONA             8.651      63.940           11.315      507.521       591.427
                 BURGOS               15.231     326.678            2.820       99.607       444.336
                 CACERES             373.358           0           32.244    1.532.392     1.937.994
                 CADIZ                     0     360.608           16.849      461.090       838.547
                 CASTELLON             5.586     142.575            7.015      191.597       346.773
                 CIUDAD REAL               0      57.242           47.062       80.730       185.034
                 CORDOBA              19.395           0           40.751       37.853        97.999
                 LA CORU헤           201.865     266.241              135      593.978     1.062.219
                 CUENCA               26.948     245.527           25.409        6.429       304.313
                 GIRONA               14.178           0            2.538       47.607        64.323
                 GRANADA              25.136     139.579           20.275       45.514       230.504
                 GUADALAJARA          17.157     177.831            3.723      776.021       974.732
                 GUIPUZCOA             5.856           0              772       50.894        57.522
                 HUELVA                    0      71.239            7.948      269.809       348.996
                 HUESCA              215.668      49.997            5.061       62.314       333.040
                 JAEN                 58.039       5.656            9.484      120.033       193.212
                 LEON                 83.472      96.770            4.707       49.720       234.669
                 LLEIDA              249.181      67.098           17.548       56.215       390.042
                 LA RIOJA             20.119      85.171           10.159        1.786       117.235
                 LUGO                354.449     360.218              485        1.735       716.887
                 MADRID               31.827           0            6.505       92.467       130.799
                 MALAGA               89.502     130.307            5.557       34.099       259.465
                 MURCIA                9.166      68.738           61.892      274.023       413.819
                 NAVARRA              54.533     178.270           20.877       81.000       334.680
                 ORENSE              724.487      96.146              183        9.009       829.825
                 ASTURIAS            325.273      95.699                0      538.140       959.112
                 PALENCIA             17.036     193.434            2.983            0       213.453
                 LAS PALMAS                0       9.497            7.498      402.702       419.697
                 PONTEVEDRA           90.504     147.275              338        1.239       239.356
                 SALAMANCA           533.184      50.989            6.538            0       590.711
                 S.C.TENERIFE              0      11.508           15.687      312.638       339.833
                 CANTABRIA           114.740       9.344              188      149.664       273.936
                 SEGOVIA               1.834      14.438            2.672       12.629        31.573
                 SEVILLA              38.171      48.299           47.407       29.561       163.438
                 SORIA                 3.409     335.940            1.593       33.377       374.319
                 TARRAGONA           153.384     154.279            5.777    2.579.030     2.892.470
                 TERUEL                2.201      54.320            3.916       57.373       117.810
                 TOLEDO               49.211      26.528           19.980       81.438       177.157
                 VALENCIA            148.149      57.793           19.256    1.014.849     1.240.047
                 VALLADOLID            9.536      46.339           14.840       40.920       111.635
                 VIZCAYA              31.230      17.753              424      308.392       357.799
                 ZAMORA              298.240     152.680            9.038        3.188       463.146
                 ZARAGOZA            206.509     162.406           13.883      234.218       617.016
                 CEUTA                     0           0                0       16.964        16.964
                 MELILLA                   0           0                0       16.988        16.988
                                 ----------- -----------  ---------------  ----------- -------------
                 T O T A L         4.714.486   5.496.657          689.420   12.056.655    22.957.218


1.2.5 PRODUCCION BRUTA Y DISPONIBLE POR PROVINCIAS. DATOS MENSUALES                                MARZO      2013
      CENTRALES DE 1.000 kW O MAS
                PRODUCCION BRUTA                             PRODUCCION DISPONIBLE EXPRESADA EN MWh
                ----------------              -------------------------------------------------------------------
PROVINCIA          TOTAL (MWh)      BOMBEO     HIDROELECT.   EOLICA    ENERG페 SOLAR *  TERMOELECT.      TOTAL
--------------- ---------------- -----------  -----------  ----------- ---------------  ----------- -------------
ALAVA                     82.246           0       24.034       23.026           1.262       32.601        80.923
ALBACETE                 730.268           0       23.256      638.180          37.927       10.162       709.525
ALICANTE                  21.118           0            0            0          15.807        4.887        20.694
ALMERIA                  497.850           0            0      150.501          11.926      312.116       474.543
AVILA                    107.570           0       18.168       79.931           7.638            0       105.737
BADAJOZ                   97.204           0       21.570            0          68.782        5.326        95.678
BALEARES                 366.110           0            0          730          11.198      326.089       338.017
BARCELONA                591.427           0        8.560       62.022          11.203      485.250       567.035
BURGOS                   444.336           0       15.141      320.469           2.792       96.720       435.122
CACERES                1.937.994      16.819      352.480            0          31.924    1.479.579     1.863.983
CADIZ                    838.547           0            0      349.790          16.682      442.350       808.822
CASTELLON                346.773           0        5.531      142.575           6.946      187.214       342.266
CIUDAD REAL              185.034           0            0       55.525          46.594       78.509       180.628
CORDOBA                   97.999           0       18.886            0          40.346       35.795        95.027
LA CORU헤              1.062.219           0      199.099      258.254             134      559.538     1.017.025
CUENCA                   304.313           0       26.607      238.161          25.157        6.162       296.087
GIRONA                    64.323           0       13.950            0           2.513       45.729        62.192
GRANADA                  230.504           0       24.890      135.392          20.073       44.203       224.558
GUADALAJARA              974.732      56.888      -40.017      172.496           3.686      728.167       864.332
GUIPUZCOA                 57.522           0        5.776            0             764       48.804        55.344
HUELVA                   348.996           0            0       69.102           7.869      261.737       338.708
HUESCA                   333.040      30.317      183.954       48.497           5.011       59.386       296.848
JAEN                     193.212           0       57.323        5.426           9.390      115.823       187.962
LEON                     234.669           0       82.171       93.867           4.660       40.999       221.697
LLEIDA                   390.042      43.436      201.733       65.085          17.374       54.268       338.460
LA RIOJA                 117.235           0       20.052       82.616          10.058        1.732       114.458
LUGO                     716.887           0      349.989      349.411             480        1.587       701.467
MADRID                   130.799           0       31.570            0           6.441       85.647       123.658
MALAGA                   259.465      43.432       44.946      126.398           5.502       32.277       209.123
MURCIA                   413.819           0        9.124       66.676          61.279      265.933       403.012
NAVARRA                  334.680           0       54.447      172.922          20.670       76.723       324.762
ORENSE                   829.825      71.062      644.876       96.031             181        8.533       749.621
ASTURIAS                 959.112           0      321.128       92.828               0      496.471       910.427
PALENCIA                 213.453           0       16.901      187.631           2.953            0       207.485
LAS PALMAS               419.697           0            0        9.212           7.424      381.937       398.573
PONTEVEDRA               239.356           0       89.410      145.747             335        1.208       236.700
SALAMANCA                590.711     464.154       63.330       49.459           6.473            0       119.262
S.C.TENERIFE             339.833           0            0       11.504          15.532      296.072       323.108
CANTABRIA                273.936           0      114.218        9.064             186      142.411       265.879
SEGOVIA                   31.573           0        1.695       14.350           2.646       11.770        30.461
SEVILLA                  163.438      19.609       17.210       46.850          46.936       28.505       139.501
SORIA                    374.319           0        3.384      325.862           1.577       31.341       362.164
TARRAGONA              2.892.470           0      151.427      149.651           5.720    2.477.792     2.784.590
TERUEL                   117.810           0        2.155       52.690           3.877       41.927       100.649
TOLEDO                   177.157           0       48.782       25.732          19.782       77.739       172.035
VALENCIA               1.240.047     173.074      -27.049       56.059          19.065      975.596     1.023.671
VALLADOLID               111.635           0        9.443       44.949          14.693       39.230       108.315
VIZCAYA                  357.799           0       31.039       17.220             420      302.756       351.435
ZAMORA                   463.146           0      296.387      148.100           8.949        3.102       456.538
ZARAGOZA                 617.016           0      204.605      161.412          13.746      226.728       606.491
CEUTA                     16.964           0            0            0               0       15.413        15.413
MELILLA                   16.988           0            0            0               0       15.799        15.799
                ---------------- -----------  -----------  ----------- ---------------  ----------- -------------
T O T A L             22.957.218     918.791    3.742.181    5.351.403         682.583   11.499.643    21.275.810

(*) - Incluye energ眼 de origen fotovoltaico y de origen termosolar.
