200601 5662
200602 8234
200603 9104
200604 8071
200605 7615
200606 5482
200607 7884
200608 7058
200609 6591
200610 9624
200611 10161
200612 9266
200701 10670
200702 11664
200703 10557
200704 6465
200705 9654
200706 7235
200707 4665
200708 3627
200709 4675
200710 8026
200711 3717
200712 2901
200801 5942
200802 6349
200803 6409
200804 8977
200805 8022
200806 5697
200807 7543
200808 2864
200809 7925
200810 8613
200811 6390
200812 5459
200901 5574
200902 5866
200903 5780
200904 7082
200905 5012
200906 7873
200907 7573
200908 2310
200909 5716
200910 6139
200911 6382
200912 5577
201001 5885
201002 6162
201003 6653
201004 8290
201005 5929
201006 6129
201007 5744
201008 3373
201009 4299
201010 2874
201011 593
201012 5360
201101 4628
201102 6121
201103 6778
201104 5746
201105 6167
201106 5470
201107 5103
201108 2861
201109 4757
201110 5314
201111 5448
201112 5304
201201 6432
201202 6118
201203 6811
201204 8134
201205 7808
201206 5740
201207 5849
201208 4073
201209 6386
201210 6103
201211 6163
201212 5270
201301 6101
201302 5754
201303 5153
201304 5362
201305 5753
201306 4604
201307 8186
201308 2214
201309 7064
201310 7716
201311 5287
201312 4780
201401 5083
201402 3557
201403 3650
201404 4872
201405 5013
201406 5599
201407 2909
201408 791
201409 3803
201410 3811
201411 4927
201412 5246
201501 2438
201502 1630
201503 1054
201504 1449
