200601 51.831
200602 34.302
200603 34.765
200604 35.003
200605 36.315
200606 34.469
200607 34.529
200608 28.550
200609 32.949
200610 43.678
200611 58.347
200612 28.899
200701 21.959
200702 47.501
200703 50.387
200704 40.398
200705 47.104
200706 39.462
200707 46.531
200708 40.820
200709 41.405
200710 57.682
200711 59.283
200712 62.128
200801 48.307
200802 33.436
200803 53.234
200804 51.160
200805 51.458
200806 42.549
200807 45.424
200808 41.954
200809 41.602
200810 50.463
200811 44.633
200812 48.299
200901 45.860
200902 44.503
200903 54.853
200904 42.885
200905 27.846
200906 28.509
200907 27.420
200908 37.074
200909 42.824
200910 44.537
200911 56.466
200912 59.535
201001 50.478
201002 42.846
201003 47.325
201004 49.957
201005 45.483
201006 46.107
201007 42.488
201008 34.337
201009 43.938
201010 16.530
201011 39.562
201012 57.764
201101 49.109
201102 36.930
201103 48.174
201104 47.385
201105 42.940
201106 41.012
201107 35.417
201108 41.980
201109 40.024
201110 47.401
201111 49.579
201112 54.488
201201 43.695
201202 41.047
201203 50.934
201204 47.305
201205 50.276
201206 38.368
201207 29.678
201208 39.211
201209 40.873
201210 48.275
201211 47.023
201212 56.663
201301 39.005
201302 32.334
201303 40.920
201304 45.402
201305 51.436
201306 36.577
201307 36.006
201308 16.336
201309 34.351
201310 40.691
201311 44.640
201312 41.655
201401 39.197
201402 13.687
201403 21.212
201404 22.571
201405 31.601
201406 27.671
201407 26.154
201408 23.285
201409 25.816
201410 34.536
201411 29.392
201412 23.697
201501 34.937
201502 24.871
201503 28.670
201504 3.254
