200601 25.733
200602 39.669
200603 2.064
200604 1.548
200605 10.733
200606 55.012
200607 129.571
200608 41.769
200609 138.474
200610 28.709
200611 6.500
200612 1.626
200701 9.686
200702 8.903
200703 9.288
200704 10.157
200705 10.305
200706 8.759
200707 26.505
200708 12.867
200709 10.133
200710 18.001
200711 13.247
200712 32.159
200801 15.927
200802 10.173
200803 10.065
200804 8.311
200805 10.152
200806 9.349
200807 9.808
200808 8.414
200809 10.713
200810 10.974
200811 30.654
200812 14.474
200901 10.695
200902 9.754
200903 9.671
200904 8.595
200905 32.498
200906 10.430
200907 10.862
200908 8.955
200909 10.501
200910 10.927
200911 1.772
200912 10.664
201001 9.860
201002 9.364
201003 10.283
201004 6.186
201005 6.298
201006 8.429
201007 10.477
201008 9.016
201009 9.659
201010 10.590
201011 10.249
201012 10.043
201101 10.210
201102 9.680
201103 9.881
201104 9.435
201105 1.736
201106 1.336
201107 1.096
201108 8.913
201109 939
201110 10.292
201111 8.923
201112 1.006
201201 1.296
201202 1.613
201203 1.621
201204 992
201205 1.697
201206 1.230
201207 1.151
201208 37
201209 824
201210 1.679
201211 1.491
201212 1.069
201301 1.720
201302 1.468
201303 809
201304 1.826
201305 1.794
201306 1.141
201307 1.161
201308 44
201309 895
201310 1.303
201311 151
201312 104
201401 114
201402 107
201403 47
201404 37
201405 147
201406 64
201407 64
201408 13
201409 27
201410 60
201411 100
201412 121
201501 164
201502 281
201503 137
201504 0
