200601 1.192.806
200602 1.208.526
200603 742.364
200604 454.298
200605 508.419
200606 688.346
200607 982.302
200608 745.126
200609 1.116.282
200610 777.446
200611 713.242
200612 540.225
200701 1.002.152
200702 612.087
200703 490.828
200704 215.950
200705 635.993
200706 890.914
200707 998.916
200708 763.934
200709 833.629
200710 569.264
200711 778.349
200712 782.287
200801 1.022.252
200802 977.578
200803 794.349
200804 784.951
200805 641.090
200806 768.659
200807 1.031.082
200808 840.602
200809 924.649
200810 625.972
200811 822.126
200812 759.343
200901 815.190
200902 831.982
200903 827.760
200904 947.866
200905 843.999
200906 1.068.064
200907 1.078.963
200908 1.090.794
200909 1.020.840
200910 796.955
200911 834.434
200912 850.028
201001 900.011
201002 599.753
201003 397.755
201004 473.526
201005 177.530
201006 615.586
201007 803.344
201008 484.975
201009 824.764
201010 459.510
201011 343.248
201012 193.731
201101 294.389
201102 327.692
201103 105.018
201104 272.850
201105 447.784
201106 623.113
201107 651.592
201108 572.419
201109 561.042
201110 431.470
201111 123.823
201112 299.452
201201 291.719
201202 504.198
201203 1.152.726
201204 941.409
201205 425.544
201206 495.920
201207 542.626
201208 495.087
201209 498.476
201210 504.355
201211 514.064
201212 545.926
201301 411.317
201302 1.117.310
201303 282.810
201304 534.200
201305 362.858
201306 352.729
201307 470.371
201308 462.107
201309 423.729
201310 296.623
201311 308.486
201312 358.968
201401 288.618
201402 218.940
201403 226.329
201404 243.757
201405 327.014
201406 455.488
201407 428.746
201408 447.242
201409 531.563
201410 417.742
201411 288.963
201412 302.528
201501 312.370
201502 240.452
201503 290.617
201504 247.811
