200601 61.331
200602 45.421
200603 47.532
200604 31.521
200605 42.920
200606 30.315
200607 39.754
200608 43.380
200609 35.855
200610 34.486
200611 36.699
200612 53.085
200701 42.366
200702 32.222
200703 26.431
200704 29.558
200705 27.687
200706 9.710
200707 18.894
200708 27.320
200709 44.259
200710 42.573
200711 36.300
200712 40.335
200801 35.255
200802 40.944
200803 36.878
200804 35.483
200805 29.564
200806 36.860
200807 40.688
200808 32.676
200809 29.500
200810 31.669
200811 32.535
200812 32.423
200901 32.102
200902 31.157
200903 29.363
200904 34.478
200905 35.538
200906 35.494
200907 34.478
200908 30.917
200909 30.301
200910 33.911
200911 32.079
200912 37.474
201001 35.162
201002 26.640
201003 14.878
201004 37.507
201005 14.844
201006 16.421
201007 45.341
201008 40.511
201009 40.667
201010 35.973
201011 32.621
201012 15.000
201101 35.032
201102 30.325
201103 25.018
201104 31.194
201105 36.309
201106 29.093
201107 25.164
201108 24.829
201109 23.915
201110 21.059
201111 23.097
201112 22.898
201201 3.635
201202 18.459
201203 7.935
201204 20.669
201205 28.316
201206 28.057
201207 28.393
201208 39.928
201209 39.252
201210 29.351
201211 28.765
201212 38.320
201301 36.425
201302 18.178
201303 24.773
201304 22.388
201305 23.710
201306 21.136
201307 23.774
201308 35.737
201309 42.842
201310 40.672
201311 36.848
201312 42.668
201401 41.565
201402 35.575
201403 24.462
201404 36.056
201405 42.166
201406 43.540
201407 43.011
201408 31.348
201409 41.704
201410 42.296
201411 32.882
201412 44.357
201501 47.015
201502 33.334
201503 35.619
201504 24.447
