200601 1.279.870
200602 1.293.616
200603 791.960
200604 487.367
200605 562.072
200606 773.673
200607 1.151.627
200608 830.275
200609 1.290.611
200610 840.641
200611 756.441
200612 594.935
200701 1.054.203
200702 653.211
200703 526.547
200704 255.665
200705 673.985
200706 909.383
200707 1.044.315
200708 804.121
200709 888.021
200710 629.839
200711 827.897
200712 854.781
200801 1.073.434
200802 1.028.695
200803 841.292
200804 828.745
200805 680.806
200806 814.867
200807 1.081.577
200808 881.692
200809 964.863
200810 668.614
200811 885.315
200812 806.240
200901 857.988
200902 872.893
200903 866.794
200904 990.939
200905 912.036
200906 1.113.989
200907 1.124.302
200908 1.130.666
200909 1.061.641
200910 841.793
200911 868.285
200912 898.165
201001 945.033
201002 635.757
201003 422.916
201004 517.219
201005 198.672
201006 640.437
201007 859.162
201008 534.502
201009 875.090
201010 506.073
201011 386.118
201012 218.774
201101 339.631
201102 367.697
201103 139.916
201104 313.479
201105 485.829
201106 653.542
201107 677.852
201108 606.161
201109 585.896
201110 462.821
201111 155.843
201112 323.356
201201 296.650
201202 524.270
201203 1.162.282
201204 963.070
201205 455.557
201206 525.207
201207 572.170
201208 535.052
201209 538.552
201210 535.385
201211 544.320
201212 585.315
201301 449.462
201302 1.136.957
201303 308.392
201304 558.414
201305 388.363
201306 375.007
201307 495.306
201308 497.888
201309 467.466
201310 338.598
201311 345.485
201312 401.740
201401 330.297
201402 254.622
201403 250.837
201404 279.850
201405 369.327
201406 499.091
201407 471.821
201408 478.603
201409 573.293
201410 460.099
201411 321.946
201412 347.006
201501 359.549
201502 274.067
201503 326.373
201504 272.258
