200601 3879
200602 3388
200603 3514
200604 3439
200605 1947
200606 3413
200607 3396
200608 3544
200609 3329
200610 3611
200611 3401
200612 3529
200701 3738
200702 3562
200703 4029
200704 3430
200705 3234
200706 3119
200707 3075
200708 2998
200709 2943
200710 2755
200711 3194
200712 3123
200801 3154
200802 3175
200803 3225
200804 3252
200805 3551
200806 2908
200807 2606
200808 2784
200809 3089
200810 2680
200811 1965
200812 3256
200901 17
200902 3
200903 0
200904 0
200905 5
200906 4
200907 0
200908 9
200909 25
200910 6
200911 4
200912 6
201001 4
201002 5
201003 5
201004 5
201005 0
201006 4
201007 0
201008 4
201009 7
201010 44
201011 6
201012 5
201101 7
201102 0
201103 0
201104 0
201105 5
201106 0
201107 4
201108 0
201109 5
201110 5
201111 30
201112 0
201201 4
201202 5
201203 5
201204 5
201205 6
201206 6
201207 0
201208 0
201209 7150
201210 12161
201211 12907
201212 13281
201301 13303
201302 11599
201303 13212
201304 12866
201305 13331
201306 8825
201307 12632
201308 13323
201309 12813
201310 13287
201311 12900
201312 12330
201401 12586
201402 9890
201403 7370
201404 3094
201405 12400
201406 10342
201407 13139
201408 12372
201409 12912
201410 12885
201411 4081
201412 11614
201501 12846
201502 10715
201503 5053
201504 0
