200601 10.756
200602 6.832
200603 3.922
200604 20.863
200605 18.570
200606 16.052
200607 2.750
200608 650
200609 574
200610 22.166
200611 24.482
200612 4.682
200701 7.766
200702 21.646
200703 19.864
200704 18.641
200705 23.322
200706 3.239
200707 3.262
200708 1.946
200709 2.023
200710 2.128
200711 5.203
200712 6.741
200801 5.792
200802 7.042
200803 2.407
200804 1.327
200805 413
200806 22.765
200807 2.830
200808 1.041
200809 905
200810 735
200811 538
200812 2.234
200901 3.572
200902 2.312
200903 828
200904 1.098
200905 1.643
200906 2.351
200907 3.427
200908 906
200909 1.030
200910 1.283
200911 833
200912 877
201001 1.031
201002 27
201003 1.119
201004 354
201005 0
201006 728
201007 970
201008 1.166
201009 902
201010 675
201011 897
201012 1.337
201101 2.084
201102 404
201103 1.220
201104 479
201105 0
201106 1.379
201107 875
201108 837
201109 888
201110 16.476
201111 14.860
201112 29.764
201201 11.500
201202 4.039
201203 11.077
201204 9.123
201205 7.855
201206 5.054
201207 6.596
201208 5.224
201209 8.922
201210 5.540
201211 8.123
201212 10.184
201301 4.015
201302 7.994
201303 0
201304 6.320
201305 8.045
201306 10.221
201307 8.378
201308 9.654
201309 7.326
201310 2.109
201311 0
201312 2.094
201401 9.186
201402 6.804
201403 7.555
201404 11.684
201405 10.675
201406 6.474
201407 2.851
201408 804
201409 8.352
201410 14.510
201411 224
201412 13.238
201501 12.335
201502 7.766
201503 10.038
201504 11.091
