200601 602.588
200602 578.535
200603 501.815
200604 480.816
200605 528.130
200606 529.489
200607 617.269
200608 464.347
200609 529.447
200610 359.383
200611 299.216
200612 280.080
200701 565.524
200702 392.208
200703 405.944
200704 469.745
200705 507.882
200706 794.870
200707 893.311
200708 752.727
200709 784.686
200710 914.592
200711 1.099.623
200712 890.633
200801 1.065.230
200802 924.647
200803 849.290
200804 680.982
200805 626.278
200806 740.921
200807 667.610
200808 621.698
200809 642.520
200810 868.544
200811 532.054
200812 331.246
200901 451.941
200902 431.814
200903 643.278
200904 584.826
200905 729.753
200906 721.996
200907 896.166
200908 622.859
200909 672.883
200910 588.739
200911 624.704
200912 615.320
201001 494.692
201002 427.562
201003 548.770
201004 362.911
201005 503.469
201006 371.615
201007 468.462
201008 371.505
201009 415.044
201010 520.839
201011 403.537
201012 357.705
201101 343.374
201102 396.651
201103 481.782
201104 484.383
201105 504.177
201106 625.210
201107 457.046
201108 492.832
201109 537.368
201110 355.930
201111 355.229
201112 364.844
201201 515.363
201202 425.178
201203 432.761
201204 359.305
201205 209.582
201206 387.299
201207 514.401
201208 446.618
201209 439.891
201210 385.210
201211 356.487
201212 340.687
201301 333.717
201302 286.522
201303 246.269
201304 174.858
201305 224.850
201306 200.538
201307 213.642
201308 218.610
201309 212.766
201310 238.532
201311 165.818
201312 304.069
201401 271.383
201402 168.506
201403 136.284
201404 146.417
201405 168.072
201406 241.773
201407 189.649
201408 220.245
201409 233.034
201410 235.043
201411 226.758
201412 199.594
201501 249.505
201502 194.316
201503 196.220
201504 190.694
