200601 55.435
200602 50.861
200603 9.110
200604 7.786
200605 7.803
200606 5.759
200607 6.876
200608 5.845
200609 5.751
200610 8.936
200611 6.813
200612 8.369
200701 10.274
200702 10.000
200703 10.887
200704 10.154
200705 6.711
200706 8.061
200707 11.064
200708 10.103
200709 12.476
200710 8.183
200711 8.901
200712 11.542
200801 10.375
200802 10.621
200803 10.080
200804 6.017
200805 4.387
200806 9.249
200807 9.271
200808 8.149
200809 9.623
200810 7.525
200811 6.287
200812 6.676
200901 6.838
200902 7.203
200903 6.904
200904 8.160
200905 6.628
200906 11.309
200907 8.971
200908 7.409
200909 10.136
200910 10.856
200911 10.043
200912 10.366
201001 11.474
201002 5.156
201003 9.162
201004 11.372
201005 8.310
201006 10.083
201007 11.702
201008 11.951
201009 11.953
201010 9.988
201011 9.995
201012 13.346
201101 12.178
201102 8.638
201103 10.336
201104 11.841
201105 5.584
201106 10.521
201107 11.466
201108 9.584
201109 10.809
201110 9.688
201111 9.847
201112 10.891
201201 6.931
201202 7.750
201203 7.592
201204 8.426
201205 8.560
201206 8.360
201207 7.387
201208 7.046
201209 6.979
201210 7.188
201211 7.554
201212 8.520
201301 7.452
201302 3.954
201303 4.461
201304 7.918
201305 9.647
201306 8.758
201307 7.582
201308 4.138
201309 8.904
201310 7.606
201311 7.240
201312 7.267
201401 6.248
201402 5.698
201403 4.759
201404 7.643
201405 7.687
201406 7.397
201407 7.330
201408 7.677
201409 7.212
201410 7.539
201411 7.461
201412 7.487
201501 7.032
201502 5.260
201503 5.567
201504 6.566
