200601 34.300
200602 34.764
200603 37.280
200604 34.299
200605 35.917
200606 35.088
200607 28.271
200608 22.868
200609 24.987
200610 25.982
200611 24.605
200612 7.214
200701 29.405
200702 26.460
200703 27.843
200704 24.996
200705 27.500
200706 12.479
200707 27.407
200708 29.942
200709 28.861
200710 30.881
200711 30.451
200712 26.889
200801 27.789
200802 27.652
200803 39.695
200804 42.784
200805 39.522
200806 35.784
200807 27.935
200808 15.677
200809 26.190
200810 44.754
200811 43.988
200812 39.234
200901 59.808
200902 48.909
200903 51.590
200904 54.210
200905 56.118
200906 56.868
200907 59.285
200908 44.039
200909 52.648
200910 48.854
200911 45.758
200912 46.846
201001 67.353
201002 53.462
201003 34.034
201004 65.804
201005 52.335
201006 41.593
201007 56.933
201008 58.247
201009 73.398
201010 69.317
201011 43.502
201012 71.958
201101 74.895
201102 68.412
201103 77.507
201104 69.753
201105 74.694
201106 72.000
201107 71.873
201108 50.296
201109 65.403
201110 51.347
201111 72.441
201112 77.301
201201 47.747
201202 58.513
201203 75.659
201204 72.484
201205 64.844
201206 105.188
201207 112.249
201208 99.205
201209 100.947
201210 114.600
201211 103.373
201212 109.141
201301 113.947
201302 102.295
201303 110.377
201304 104.246
201305 106.366
201306 84.434
201307 89.780
201308 73.985
201309 81.711
201310 94.780
201311 95.159
201312 103.316
201401 100.243
201402 82.055
201403 72.974
201404 41.621
201405 70.054
201406 84.786
201407 84.425
201408 90.868
201409 88.538
201410 98.467
201411 71.903
201412 88.894
201501 98.990
201502 78.620
201503 92.037
201504 58.914
