200601 0
200602 0
200603 0
200604 0
200605 0
200606 0
200607 0
200608 209
200609 0
200610 0
200611 0
200612 0
200701 7.629
200702 6.536
200703 7.609
200704 6.500
200705 7.620
200706 10.230
200707 10.416
200708 2.329
200709 13.712
200710 14.086
200711 13.038
200712 11.652
200801 13.824
200802 12.293
200803 0
200804 0
200805 0
200806 0
200807 0
200808 0
200809 0
200810 0
200811 0
200812 0
200901 0
200902 0
200903 0
200904 0
200905 0
200906 0
200907 0
200908 0
200909 0
200910 0
200911 0
200912 0
201001 0
201002 0
201003 0
201004 0
201005 0
201006 0
201007 0
201008 0
201009 0
201010 0
201011 0
201012 0
201101 0
201102 0
201103 0
201104 0
201105 0
201106 0
201107 0
201108 0
201109 0
201110 0
201111 0
201112 0
201201 0
201202 0
201203 0
201204 0
201205 0
201206 0
201207 0
201208 0
201209 0
201210 0
201211 0
201212 0
201301 9.269
201302 8.248
201303 9.656
201304 8.092
201305 6.398
201306 8.395
201307 0
201308 6.263
201309 8.110
201310 1.489
201311 6.707
201312 8.546
201401 8.806
201402 7.733
201403 7.795
201404 4.482
201405 9.745
201406 8.447
201407 8.810
201408 7.984
201409 8.421
201410 6.822
201411 8.298
201412 10.667
201501 10.055
201502 8.036
201503 8.079
201504 8.359
