200601 34.300
200602 34.764
200603 37.280
200604 34.299
200605 35.917
200606 35.088
200607 28.271
200608 23.077
200609 24.987
200610 25.982
200611 24.605
200612 7.214
200701 37.034
200702 32.996
200703 35.452
200704 31.496
200705 35.120
200706 22.709
200707 37.823
200708 32.271
200709 42.573
200710 44.967
200711 43.489
200712 38.541
200801 41.613
200802 39.945
200803 39.695
200804 42.784
200805 39.522
200806 35.784
200807 27.935
200808 15.677
200809 26.190
200810 44.754
200811 43.988
200812 39.234
200901 59.808
200902 48.909
200903 51.590
200904 54.210
200905 56.118
200906 56.868
200907 59.285
200908 44.039
200909 52.648
200910 48.854
200911 45.758
200912 46.846
201001 67.353
201002 53.462
201003 34.034
201004 65.804
201005 52.335
201006 41.593
201007 56.933
201008 58.247
201009 73.398
201010 69.317
201011 43.502
201012 71.958
201101 74.895
201102 68.412
201103 77.507
201104 69.753
201105 74.694
201106 72.000
201107 71.873
201108 50.296
201109 65.403
201110 51.347
201111 72.441
201112 77.301
201201 47.747
201202 58.513
201203 75.659
201204 72.484
201205 64.844
201206 105.188
201207 112.249
201208 99.205
201209 100.947
201210 114.600
201211 103.373
201212 109.141
201301 123.216
201302 110.543
201303 120.033
201304 112.338
201305 112.764
201306 92.829
201307 89.780
201308 80.248
201309 89.821
201310 96.269
201311 101.866
201312 111.862
201401 109.049
201402 89.788
201403 80.769
201404 46.103
201405 79.799
201406 93.233
201407 93.235
201408 98.852
201409 96.959
201410 105.289
201411 80.201
201412 99.561
201501 109.045
201502 86.656
201503 100.116
201504 67.273
