200601 406.660
200602 46.509
200603 251.747
200604 296.731
200605 323.792
200606 355.658
200607 405.727
200608 353.520
200609 365.328
200610 346.056
200611 246.549
200612 302.840
200701 390.440
200702 219.321
200703 289.101
200704 385.240
200705 383.985
200706 389.807
200707 377.260
200708 349.337
200709 351.389
200710 376.010
200711 340.477
200712 373.862
200801 376.412
200802 353.381
200803 237.579
200804 199.954
200805 73.188
200806 0
200807 0
200808 2
200809 38.627
200810 155.398
200811 295.758
200812 284.243
200901 299.316
200902 273.736
200903 312.332
200904 103.577
200905 240.251
200906 345.463
200907 326.125
200908 307.738
200909 294.062
200910 272.643
200911 248.764
200912 189.495
201001 231.755
201002 182.844
201003 138.965
201004 0
201005 0
201006 245.366
201007 262.239
201008 339.369
201009 316.883
201010 206.963
201011 248.282
201012 308.454
201101 175.760
201102 188.035
201103 171.823
201104 20.574
201105 0
201106 76.643
201107 249.886
201108 327.102
201109 314.742
201110 187.246
201111 282.790
201112 339.265
201201 369.144
201202 333.379
201203 181.274
201204 79.112
201205 344.065
201206 341.429
201207 381.145
201208 335.646
201209 329.128
201210 335.007
201211 170.829
201212 351.337
201301 281.786
201302 295.387
201303 189.296
201304 152.011
201305 0
201306 120.362
201307 324.575
201308 350.295
201309 280.247
201310 342.483
201311 230.577
201312 348.378
201401 256.853
201402 151.028
201403 178.513
201404 180.436
201405 237.155
201406 304.391
201407 315.844
201408 302.777
201409 385.485
201410 200.105
201411 209.508
201412 278.053
201501 354.691
201502 279.494
201503 329.486
201504 228.452
