200601 20.829
200602 5.474
200603 6.574
200604 3.217
200605 2.394
200606 20.732
200607 57.503
200608 6.205
200609 35.325
200610 1.008
200611 31
200612 678
200701 1.346
200702 1.419
200703 1.281
200704 2.455
200705 1.291
200706 981
200707 1.165
200708 1.256
200709 1.550
200710 1.480
200711 687
200712 1.061
200801 1.092
200802 854
200803 858
200804 988
200805 1.117
200806 938
200807 913
200808 928
200809 1.210
200810 1.130
200811 1.129
200812 1.210
200901 1.373
200902 136
200903 0
200904 77
200905 22.009
200906 20.273
200907 0
200908 0
200909 0
200910 0
200911 0
200912 18.971
201001 0
201002 0
201003 0
201004 0
201005 12.522
201006 0
201007 0
201008 0
201009 0
201010 0
201011 0
201012 0
201101 0
201102 0
201103 0
201104 0
201105 0
201106 0
201107 0
201108 0
201109 0
201110 0
201111 55
201112 1.471
201201 0
201202 0
201203 0
201204 0
201205 0
201206 0
201207 0
201208 0
201209 0
201210 0
201211 0
201212 0
201301 0
201302 0
201303 0
201304 0
201305 0
201306 0
201307 0
201308 0
201309 0
201310 0
201311 0
201312 0
201401 0
201402 0
201403 0
201404 0
201405 0
201406 0
201407 0
201408 0
201409 0
201410 0
201411 0
201412 0
201501 0
201502 0
201503 0
201504 0
