200601 1.403.563
200602 1.307.342
200603 1.066.685
200604 1.126.739
200605 1.200.660
200606 1.275.181
200607 1.635.124
200608 900.428
200609 1.417.469
200610 1.298.292
200611 1.097.513
200612 819.503
200701 913.282
200702 689.332
200703 611.168
200704 585.548
200705 661.487
200706 1.161.200
200707 1.338.579
200708 902.019
200709 980.376
200710 1.115.057
200711 1.454.565
200712 1.321.406
200801 1.085.696
200802 977.696
200803 838.320
200804 1.081.793
200805 1.123.350
200806 1.055.193
200807 1.596.057
200808 1.252.188
200809 1.505.329
200810 919.066
200811 892.542
200812 873.565
200901 911.223
200902 774.826
200903 662.684
200904 692.300
200905 758.507
200906 1.060.744
200907 1.383.306
200908 1.373.676
200909 1.191.461
200910 1.137.830
200911 889.821
200912 935.210
201001 786.261
201002 666.790
201003 554.311
201004 642.336
201005 556.043
201006 440.233
201007 1.032.715
201008 893.662
201009 963.599
201010 712.960
201011 856.918
201012 735.952
201101 860.418
201102 599.745
201103 651.048
201104 483.439
201105 577.777
201106 797.262
201107 704.271
201108 1.120.698
201109 808.008
201110 840.540
201111 806.672
201112 780.900
201201 884.048
201202 600.879
201203 477.155
201204 306.834
201205 371.749
201206 570.262
201207 714.471
201208 575.761
201209 490.435
201210 531.602
201211 501.128
201212 489.860
201301 445.107
201302 260.711
201303 271.106
201304 239.237
201305 310.255
201306 267.002
201307 369.160
201308 194.860
201309 311.250
201310 407.761
201311 348.873
201312 391.018
201401 282.727
201402 244.262
201403 259.096
201404 209.082
201405 250.656
201406 343.925
201407 321.959
201408 402.968
201409 267.594
201410 382.888
201411 323.380
201412 370.546
201501 369.699
201502 356.381
201503 241.673
201504 289.475
