200601 14.843
200602 5.897
200603 19.718
200604 19.502
200605 19.386
200606 8.756
200607 16.931
200608 15.409
200609 18.240
200610 8.885
200611 13.757
200612 25.392
200701 31.148
200702 45.484
200703 20.471
200704 27.010
200705 7.459
200706 6.238
200707 12.927
200708 20.732
200709 8.503
200710 11.829
200711 11.565
200712 13.614
200801 23.835
200802 17.646
200803 18.690
200804 20.207
200805 15.404
200806 5.657
200807 15.400
200808 6.977
200809 12.302
200810 11.490
200811 9.537
200812 33.613
200901 28.813
200902 10.808
200903 13.973
200904 14.784
200905 680
200906 0
200907 9.306
200908 20.647
200909 11.290
200910 13.385
200911 13.672
200912 376
201001 15.224
201002 17.760
201003 14.797
201004 9.781
201005 39.026
201006 14.108
201007 14.364
201008 134
201009 0
201010 1.612
201011 13.731
201012 16.113
201101 20.906
201102 14.736
201103 12.728
201104 16.452
201105 14.943
201106 11.919
201107 17.007
201108 12.376
201109 13.059
201110 16.372
201111 48.202
201112 12.960
201201 13.594
201202 30.441
201203 17.295
201204 1.799
201205 14.003
201206 13.755
201207 18.061
201208 19.080
201209 16.164
201210 20.935
201211 18.732
201212 20.036
201301 47.583
201302 10.281
201303 688
201304 474
201305 0
201306 5.009
201307 15.777
201308 18.198
201309 17.910
201310 15.378
201311 16.673
201312 21.380
201401 16.125
201402 4.648
201403 1.132
201404 0
201405 459
201406 14.565
201407 17.282
201408 667
201409 16.770
201410 15.550
201411 7.327
201412 6.133
201501 5.710
201502 1.832
201503 1.512
201504 6.096
