200601 1.845.896
200602 1.365.222
200603 1.344.724
200604 1.446.189
200605 1.546.233
200606 1.660.327
200607 2.115.285
200608 1.275.562
200609 1.836.363
200610 1.654.241
200611 1.357.850
200612 1.148.413
200701 1.336.216
200702 955.556
200703 922.022
200704 1.000.253
200705 1.054.222
200706 1.558.226
200707 1.729.931
200708 1.273.344
200709 1.341.818
200710 1.504.376
200711 1.807.295
200712 1.709.943
200801 1.487.035
200802 1.349.578
200803 1.095.447
200804 1.302.942
200805 1.213.060
200806 1.061.788
200807 1.612.370
200808 1.260.095
200809 1.557.468
200810 1.087.084
200811 1.198.967
200812 1.192.630
200901 1.240.724
200902 1.059.506
200903 988.988
200904 810.738
200905 1.021.447
200906 1.426.480
200907 1.718.737
200908 1.702.061
200909 1.496.813
200910 1.423.858
200911 1.152.256
200912 1.144.052
201001 1.033.240
201002 867.394
201003 708.073
201004 652.117
201005 607.591
201006 699.707
201007 1.309.318
201008 1.233.165
201009 1.280.482
201010 921.535
201011 1.118.931
201012 1.060.519
201101 1.057.084
201102 802.516
201103 835.599
201104 520.465
201105 592.720
201106 885.824
201107 971.165
201108 1.460.176
201109 1.135.809
201110 1.044.158
201111 1.137.719
201112 1.134.596
201201 1.266.786
201202 964.699
201203 675.724
201204 387.745
201205 729.817
201206 925.446
201207 1.113.677
201208 930.487
201209 835.727
201210 887.544
201211 690.688
201212 861.233
201301 774.476
201302 566.379
201303 461.090
201304 391.722
201305 310.255
201306 392.373
201307 709.511
201308 563.354
201309 609.407
201310 765.622
201311 596.123
201312 760.776
201401 555.705
201402 399.937
201403 438.741
201404 389.518
201405 488.270
201406 662.881
201407 655.084
201408 706.412
201409 669.849
201410 598.543
201411 540.215
201412 654.732
201501 730.099
201502 637.707
201503 572.671
201504 524.022
