200601 4.855
200602 7.091
200603 7.324
200604 3.519
200605 6.712
200606 3.964
200607 6.462
200608 5.943
200609 4.055
200610 6.546
200611 5.056
200612 4.355
200701 7.269
200702 5.543
200703 6.176
200704 5.681
200705 5.688
200706 3.721
200707 5.979
200708 2.984
200709 5.268
200710 6.027
200711 5.935
200712 3.894
200801 6.924
200802 5.677
200803 5.308
200804 5.420
200805 5.437
200806 5.319
200807 7.275
200808 4.901
200809 7.185
200810 6.841
200811 3.396
200812 1.218
200901 4.088
200902 3.439
200903 4.229
200904 3.668
200905 1.562
200906 1.434
200907 2.559
200908 7
200909 1.848
200910 2.109
200911 2.251
200912 1.509
201001 1.939
201002 2.017
201003 2.104
201004 1.673
201005 2.259
201006 2.252
201007 2.267
201008 0
201009 2.393
201010 1.735
201011 2.359
201012 1.450
201101 2.164
201102 1.847
201103 0
201104 2.042
201105 2.353
201106 2.450
201107 2.200
201108 9
201109 1.942
201110 1.823
201111 1.544
201112 1.927
201201 1.487
201202 2.788
201203 3.389
201204 2.598
201205 2.634
201206 0
201207 1.847
201208 0
201209 1.698
201210 1.860
201211 1.752
201212 1.610
201301 1.907
201302 1.715
201303 1.735
201304 1.819
201305 1.858
201306 1.735
201307 1.917
201308 0
201309 1.801
201310 1.965
201311 1.720
201312 1.704
201401 1.829
201402 1.738
201403 1.801
201404 1.708
201405 1.806
201406 3.936
201407 4.289
201408 4.290
201409 0
201410 0
201411 0
201412 0
201501 0
201502 0
201503 1.406
201504 1.967
