200601 5.346
200602 7.555
200603 7.730
200604 3.839
200605 7.075
200606 4.344
200607 6.833
200608 6.322
200609 4.541
200610 6.922
200611 5.520
200612 4.686
200701 7.695
200702 6.009
200703 6.571
200704 6.007
200705 5.994
200706 4.076
200707 6.533
200708 3.045
200709 5.526
200710 6.322
200711 6.226
200712 4.093
200801 7.203
200802 5.919
200803 5.506
200804 5.775
200805 5.701
200806 5.319
200807 7.275
200808 4.901
200809 7.185
200810 6.841
200811 3.396
200812 1.218
200901 4.088
200902 3.439
200903 4.229
200904 3.668
200905 1.562
200906 1.434
200907 2.559
200908 7
200909 1.848
200910 2.109
200911 2.252
200912 1.509
201001 1.939
201002 2.017
201003 2.104
201004 1.673
201005 2.259
201006 2.252
201007 2.267
201008 0
201009 2.393
201010 1.735
201011 2.359
201012 1.450
201101 2.164
201102 1.847
201103 0
201104 2.042
201105 2.353
201106 2.450
201107 2.200
201108 9
201109 1.942
201110 1.823
201111 1.544
201112 1.927
201201 1.487
201202 2.788
201203 3.389
201204 2.598
201205 2.634
201206 0
201207 1.847
201208 0
201209 1.698
201210 1.860
201211 1.752
201212 1.610
201301 1.907
201302 1.715
201303 1.735
201304 1.819
201305 1.858
201306 1.735
201307 1.917
201308 0
201309 1.801
201310 1.965
201311 1.720
201312 1.704
201401 1.829
201402 1.738
201403 1.801
201404 1.708
201405 1.806
201406 3.936
201407 4.289
201408 4.290
201409 0
201410 0
201411 0
201412 0
201501 0
201502 0
201503 1.406
201504 1.967
