200601 24.398
200602 21.216
200603 24.894
200604 25.207
200605 25.870
200606 22.696
200607 23.769
200608 15.824
200609 20.905
200610 25.945
200611 25.710
200612 24.782
200701 26.306
200702 23.997
200703 26.888
200704 24.673
200705 25.318
200706 21.330
200707 22.255
200708 13.326
200709 18.796
200710 26.747
200711 26.736
200712 24.429
200801 27.581
200802 24.772
200803 25.277
200804 24.259
200805 26.263
200806 10.011
200807 10.327
200808 9.353
200809 9.772
200810 10.886
200811 10.585
200812 10.933
200901 24.521
200902 23.281
200903 27.285
200904 24.660
200905 25.124
200906 22.693
200907 24.395
200908 23.162
200909 22.452
200910 10.727
200911 21.648
200912 27.092
201001 20.726
201002 29.191
201003 38.237
201004 36.803
201005 38.058
201006 25.495
201007 37.596
201008 31.542
201009 34.356
201010 35.810
201011 21.288
201012 33.932
201101 21.327
201102 18.743
201103 20.414
201104 19.840
201105 9.994
201106 8.773
201107 20.923
201108 21.216
201109 20.409
201110 10.404
201111 26.212
201112 11.040
201201 9.322
201202 0
201203 10.951
201204 10.581
201205 10.654
201206 20.713
201207 10.473
201208 19.467
201209 20.999
201210 60.074
201211 43.626
201212 45.396
201301 42.976
201302 31.076
201303 33.377
201304 31.247
201305 42.128
201306 40.097
201307 38.677
201308 39.434
201309 39.306
201310 39.013
201311 41.023
201312 42.614
201401 39.496
201402 10.349
201403 4
201404 11
201405 0
201406 9
201407 0
201408 0
201409 0
201410 0
201411 0
201412 0
201501 0
201502 0
201503 0
201504 0
