200601 1.759
200602 1.188
200603 2.341
200604 2.025
200605 2.181
200606 1.898
200607 2.882
200608 760
200609 1.442
200610 2.417
200611 2.190
200612 1.695
200701 2.134
200702 1.724
200703 1.548
200704 1.278
200705 2.081
200706 2.445
200707 2.223
200708 704
200709 1.991
200710 1.981
200711 1.765
200712 1.439
200801 1.818
200802 1.411
200803 1.524
200804 2.104
200805 0
200806 0
200807 0
200808 0
200809 0
200810 0
200811 0
200812 0
200901 449
200902 1.379
200903 1.148
200904 1.955
200905 2.303
200906 2.300
200907 2.416
200908 1.525
200909 2.380
200910 2.437
200911 2.126
200912 2.118
201001 817
201002 1.700
201003 1.680
201004 2.386
201005 2.247
201006 2.002
201007 1.427
201008 1.640
201009 1.372
201010 1.241
201011 1.817
201012 1.822
201101 921
201102 642
201103 0
201104 0
201105 0
201106 0
201107 0
201108 0
201109 0
201110 0
201111 0
201112 0
201201 0
201202 0
201203 0
201204 0
201205 0
201206 0
201207 0
201208 0
201209 0
201210 0
201211 0
201212 0
201301 0
201302 0
201303 0
201304 0
201305 0
201306 0
201307 0
201308 0
201309 0
201310 0
201311 0
201312 0
201401 0
201402 0
201403 0
201404 0
201405 0
201406 0
201407 0
201408 0
201409 0
201410 0
201411 0
201412 0
201501 0
201502 0
201503 0
201504 0
