200601 26.157
200602 22.404
200603 27.235
200604 27.232
200605 28.051
200606 24.594
200607 26.651
200608 16.584
200609 22.347
200610 28.362
200611 27.900
200612 26.477
200701 28.440
200702 25.721
200703 28.436
200704 25.951
200705 27.399
200706 23.775
200707 24.478
200708 14.030
200709 20.787
200710 28.728
200711 28.501
200712 25.868
200801 29.399
200802 26.183
200803 26.801
200804 26.363
200805 26.263
200806 10.011
200807 10.327
200808 9.353
200809 9.772
200810 10.886
200811 10.585
200812 10.933
200901 24.970
200902 24.660
200903 28.433
200904 26.615
200905 27.427
200906 24.993
200907 26.811
200908 24.687
200909 24.832
200910 13.164
200911 23.774
200912 29.210
201001 21.543
201002 30.891
201003 39.917
201004 39.189
201005 40.305
201006 27.497
201007 39.023
201008 33.182
201009 35.728
201010 37.051
201011 23.105
201012 35.754
201101 22.248
201102 19.385
201103 20.414
201104 19.840
201105 9.994
201106 8.773
201107 20.923
201108 21.216
201109 20.409
201110 10.404
201111 26.212
201112 11.040
201201 9.322
201202 0
201203 10.951
201204 10.581
201205 10.654
201206 20.713
201207 10.473
201208 19.467
201209 20.999
201210 60.074
201211 43.626
201212 45.396
201301 42.976
201302 31.076
201303 33.377
201304 31.247
201305 42.128
201306 40.097
201307 38.677
201308 39.434
201309 39.306
201310 39.013
201311 41.023
201312 42.614
201401 39.496
201402 10.349
201403 4
201404 11
201405 0
201406 9
201407 0
201408 0
201409 0
201410 0
201411 0
201412 0
201501 0
201502 0
201503 0
201504 0
