200601 1.215.033
200602 1.064.635
200603 737.562
200604 403.931
200605 1.061.225
200606 1.084.336
200607 1.163.063
200608 906.611
200609 1.027.021
200610 898.359
200611 792.166
200612 717.250
200701 1.028.293
200702 883.094
200703 798.377
200704 1.001.450
200705 1.003.787
200706 950.479
200707 1.027.769
200708 1.108.920
200709 1.002.774
200710 674.898
200711 823.053
200712 1.054.125
200801 1.153.852
200802 1.142.369
200803 1.014.458
200804 795.564
200805 442.130
200806 479.101
200807 1.135.330
200808 706.159
200809 949.469
200810 977.317
200811 1.019.308
200812 938.036
200901 921.237
200902 301.483
200903 145.399
200904 235.758
200905 175.221
200906 148.738
200907 296.248
200908 50.399
200909 96.824
200910 273.237
200911 577
200912 40.421
201001 15.126
201002 15.712
201003 0
201004 0
201005 0
201006 11.295
201007 88.536
201008 23.474
201009 0
201010 0
201011 2.722
201012 40.466
201101 71.764
201102 268.911
201103 678.331
201104 662.668
201105 825.436
201106 674.520
201107 738.047
201108 692.446
201109 789.245
201110 715.308
201111 591.687
201112 609.055
201201 1.023.028
201202 1.036.728
201203 779.034
201204 176.766
201205 613.941
201206 995.538
201207 688.169
201208 737.784
201209 703.080
201210 715.062
201211 620.338
201212 470.194
201301 177.016
201302 167.307
201303 22.694
201304 22.797
201305 98.023
201306 373.211
201307 906.630
201308 685.070
201309 875.900
201310 420.604
201311 208.103
201312 626.105
201401 127.576
201402 0
201403 26.137
201404 33.441
201405 353.700
201406 798.535
201407 960.145
201408 728.656
201409 1.308.870
201410 779.652
201411 387.721
201412 515.190
201501 586.029
201502 227.524
201503 86.627
201504 287.296
