200601 4.435
200602 3.143
200603 7.925
200604 5.555
200605 8.679
200606 6.962
200607 5.964
200608 9.914
200609 7.140
200610 16.539
200611 13.416
200612 16.683
200701 17.718
200702 12.007
200703 12.195
200704 9.997
200705 4.394
200706 6.806
200707 11.992
200708 10.399
200709 4.094
200710 6.710
200711 5.970
200712 11.950
200801 4.823
200802 4.851
200803 3.987
200804 4.918
200805 882
200806 4.296
200807 4.125
200808 2.593
200809 3.898
200810 5.307
200811 8.314
200812 15.765
200901 12.121
200902 3.313
200903 2.003
200904 1.474
200905 1.792
200906 1.666
200907 560
200908 271
200909 535
200910 2.378
200911 4
200912 132
201001 12
201002 219
201003 0
201004 128
201005 900
201006 133
201007 413
201008 224
201009 0
201010 0
201011 525
201012 1.940
201101 920
201102 640
201103 4.322
201104 2.831
201105 3.678
201106 2.209
201107 1.729
201108 1.489
201109 1.735
201110 3.129
201111 4.847
201112 2.610
201201 5.685
201202 3.361
201203 2.059
201204 3.466
201205 4.786
201206 3.504
201207 3.412
201208 3.598
201209 3.700
201210 5.019
201211 3.653
201212 3.997
201301 2.127
201302 2.189
201303 194
201304 505
201305 10.600
201306 13.649
201307 16.179
201308 15.511
201309 9.260
201310 4.722
201311 15.049
201312 3.056
201401 45.239
201402 0
201403 27.749
201404 2.655
201405 84.728
201406 161.973
201407 147.639
201408 158.036
201409 2.240
201410 22.974
201411 12.891
201412 1.867
201501 8.497
201502 3.484
201503 2.357
201504 6.666
