200601 1.064
200602 705
200603 1.263
200604 925
200605 1.211
200606 1.171
200607 1.068
200608 1.195
200609 1.134
200610 1.107
200611 1.372
200612 8.908
200701 11.715
200702 6.056
200703 2.627
200704 1.879
200705 2.090
200706 1.992
200707 2.081
200708 2.454
200709 2.714
200710 3.005
200711 8.150
200712 13.559
200801 13.619
200802 12.453
200803 4.535
200804 3.286
200805 3.118
200806 2.535
200807 2.789
200808 2.405
200809 2.621
200810 2.165
200811 1.826
200812 1.524
200901 1.868
200902 1.979
200903 2.132
200904 2.029
200905 2.210
200906 2.596
200907 2.657
200908 2.232
200909 2.102
200910 2.536
200911 2.255
200912 2.686
201001 3.739
201002 6.666
201003 9.462
201004 18.079
201005 11.035
201006 8.293
201007 7.890
201008 5.298
201009 8.085
201010 11.220
201011 13.616
201012 8.069
201101 16.599
201102 18.302
201103 21.320
201104 8.023
201105 8.547
201106 8.346
201107 13.192
201108 10.853
201109 13.577
201110 11.482
201111 13.486
201112 13.854
201201 12.666
201202 13.255
201203 12.113
201204 11.584
201205 11.364
201206 10.739
201207 10.987
201208 20.111
201209 24.615
201210 11.477
201211 25.948
201212 35.928
201301 30.683
201302 19.421
201303 21.276
201304 19.968
201305 21.673
201306 21.037
201307 22.607
201308 12.963
201309 21.508
201310 22.587
201311 24.268
201312 30.968
201401 25.912
201402 7.986
201403 6.668
201404 5.471
201405 1.006
201406 7.780
201407 9.611
201408 9.824
201409 9.170
201410 8.868
201411 15.912
201412 14.692
201501 20.408
201502 11.754
201503 11.437
201504 10.007
