200601 219.813
200602 178.509
200603 168.335
200604 79.445
200605 206.578
200606 160.496
200607 190.531
200608 135.901
200609 68.987
200610 44.287
200611 51.246
200612 50.685
200701 115.858
200702 111.591
200703 80.895
200704 121.537
200705 84.621
200706 68.777
200707 58.490
200708 76.163
200709 62.658
200710 32.202
200711 94.682
200712 111.810
200801 71.139
200802 74.967
200803 51.550
200804 36.269
200805 45.103
200806 27.608
200807 53.504
200808 130.012
200809 127.310
200810 138.907
200811 157.552
200812 126.542
200901 123.100
200902 36.774
200903 70.357
200904 101.983
200905 142.907
200906 118.455
200907 170.852
200908 48.074
200909 131.283
200910 200.788
200911 103
200912 17.519
201001 6.410
201002 10.143
201003 0
201004 0
201005 0
201006 3.875
201007 7.826
201008 2.063
201009 0
201010 0
201011 1.363
201012 6.034
201101 40.111
201102 93.549
201103 6.126
201104 3.680
201105 4.025
201106 4.187
201107 39.473
201108 84.091
201109 75.027
201110 68.933
201111 68.879
201112 58.637
201201 98.152
201202 76.009
201203 63.441
201204 28.722
201205 62.689
201206 103.400
201207 39.674
201208 69.766
201209 95.146
201210 75.371
201211 48.569
201212 38.246
201301 11.084
201302 13.308
201303 5.556
201304 5.392
201305 23.016
201306 39.753
201307 77.285
201308 95.551
201309 91.876
201310 26.840
201311 22.181
201312 27.140
201401 35.715
201402 120
201403 16.601
201404 7.619
201405 83.488
201406 107.102
201407 125.722
201408 91.889
201409 61.617
201410 78.850
201411 39.577
201412 62.712
201501 109.383
201502 33.924
201503 16.735
201504 123.992
