200601 1.442.205
200602 1.246.992
200603 915.085
200604 489.856
200605 1.277.693
200606 1.252.965
200607 1.360.626
200608 1.053.620
200609 1.104.282
200610 960.292
200611 858.200
200612 793.526
200701 1.173.583
200702 1.012.748
200703 894.093
200704 1.134.863
200705 1.094.892
200706 1.028.054
200707 1.100.332
200708 1.197.936
200709 1.072.240
200710 716.814
200711 931.855
200712 1.191.444
200801 1.243.432
200802 1.234.639
200803 1.074.530
200804 840.037
200805 491.233
200806 513.540
200807 1.195.749
200808 841.169
200809 1.083.298
200810 1.123.696
200811 1.186.999
200812 1.081.867
200901 1.058.325
200902 343.549
200903 219.891
200904 341.245
200905 322.130
200906 271.454
200907 470.317
200908 100.976
200909 230.744
200910 478.939
200911 2.939
200912 60.758
201001 25.287
201002 32.741
201003 9.462
201004 18.207
201005 11.935
201006 23.596
201007 104.665
201008 31.059
201009 8.085
201010 11.220
201011 18.226
201012 56.509
201101 129.394
201102 381.402
201103 710.099
201104 677.201
201105 841.686
201106 689.262
201107 792.440
201108 788.879
201109 879.584
201110 798.852
201111 678.899
201112 684.156
201201 1.139.531
201202 1.129.353
201203 856.647
201204 220.538
201205 692.780
201206 1.113.180
201207 742.242
201208 831.259
201209 826.541
201210 806.929
201211 698.508
201212 548.365
201301 220.910
201302 202.224
201303 49.720
201304 48.663
201305 153.312
201306 447.650
201307 1.022.702
201308 809.095
201309 998.544
201310 474.753
201311 269.601
201312 687.269
201401 234.442
201402 8.106
201403 77.155
201404 49.186
201405 522.923
201406 1.075.390
201407 1.243.117
201408 988.405
201409 1.381.898
201410 890.343
201411 456.101
201412 594.460
201501 724.317
201502 276.686
201503 117.156
201504 427.960
