200601 2497
200602 3500
200603 2826
200604 2091
200605 2534
200606 2653
200607 2398
200608 2664
200609 2542
200610 2599
200611 2543
200612 2143
200701 3592
200702 2315
200703 2688
200704 2162
200705 2165
200706 4863
200707 5676
200708 3339
200709 2920
200710 2533
200711 1725
200712 1296
200801 1021
200802 965
200803 970
200804 960
200805 959
200806 994
200807 58
200808 61
200809 47
200810 28
200811 34
200812 50
200901 0
200902 320
200903 3896
200904 3725
200905 1296
200906 0
200907 0
200908 0
200909 0
200910 0
200911 0
200912 0
201001 0
201002 0
201003 0
201004 0
201005 0
201006 0
201007 0
201008 0
201009 0
201010 0
201011 0
201012 0
201101 0
201102 0
201103 0
201104 0
201105 0
201106 0
201107 0
201108 0
201109 0
201110 0
201111 0
201112 0
201201 0
201202 0
201203 0
201204 0
201205 0
201206 0
201207 0
201208 0
201209 4
201210 0
201211 0
201212 0
201301 0
201302 0
201303 0
201304 0
201305 0
201306 0
201307 0
201308 0
201309 0
201310 0
201311 0
201312 0
201401 0
201402 0
201403 0
201404 0
201405 0
201406 0
201407 0
201408 0
201409 0
201410 68
201411 0
201412 0
201501 0
201502 0
201503 0
201504 0
