
1.2.5 PRODUCCION BRUTA Y DISPONIBLE POR PROVINCIAS. DATOS MENSUALES                                JUNIO      2011
      CENTRALES DE 1.000 kW O MAS
                                                PRODUCCION BRUTA EXPRESADA EN MWh            
                                 -------------------------------------------------------------------
                 PROVINCIA       HIDROELECT.    EOLICA    ENERG페 SOLAR *  TERMOELECT.      TOTAL
                 --------------- ----------- -----------  ---------------  ----------- -------------
                 ALAVA                 9.699      18.882            1.649       30.739        60.969
                 ALBACETE             18.968     205.264           61.660       17.253       303.145
                 ALICANTE                182           0           18.949        5.470        24.601
                 ALMERIA                   0      39.181           12.853      287.722       339.756
                 AVILA                 6.562      15.197           11.126            0        32.885
                 BADAJOZ              19.356           0          176.121        4.557       200.034
                 BALEARES                  0         378            9.970      529.661       540.009
                 BARCELONA            23.857      20.812           13.012      560.143       617.824
                 BURGOS                8.702     212.219            4.041      422.338       647.300
                 CACERES             264.692           0           53.616      988.875     1.307.183
                 CADIZ                     0     244.553           12.647      885.824     1.143.024
                 CASTELLON             9.205      54.007            7.133      416.377       486.722
                 CIUDAD REAL               0      21.471           64.749      259.202       345.422
                 CORDOBA              17.701           0           46.837      134.309       198.847
                 LA CORU헤            18.849     205.646              222      687.025       911.742
                 CUENCA               17.251      75.843           43.942        7.494       144.530
                 GIRONA               43.836           0            2.953       27.822        74.611
                 GRANADA              34.690      31.234           49.029       44.588       159.541
                 GUADALAJARA          13.120      58.168            5.043      690.610       766.941
                 GUIPUZCOA             1.893           0              656       61.201        63.750
                 HUELVA                    0      61.868           12.899      485.982       560.749
                 HUESCA              229.393      45.599            6.952       74.028       355.972
                 JAEN                 23.057         881           16.168       72.000       112.106
                 LEON                 48.774      44.535            8.966      689.262       791.537
                 LLEIDA              325.293      31.331           15.998       79.434       452.056
                 LA RIOJA             13.634      60.144           14.466       68.516       156.760
                 LUGO                 26.003     233.101              600        2.450       262.154
                 MADRID               11.036           0            6.992       98.516       116.544
                 MALAGA               28.441      80.612            8.519      224.267       341.839
                 MURCIA                8.304      11.582           67.060      659.684       746.630
                 NAVARRA              15.883     207.015           32.062      139.750       394.710
                 ORENSE              115.803      32.641              324       18.912       167.680
                 ASTURIAS             83.741      44.189                0      887.924     1.015.854
                 PALENCIA             22.728     101.766            4.700      123.717       252.911
                 LAS PALMAS                0      28.991            6.979      396.892       432.862
                 PONTEVEDRA            2.315      69.867              761       22.906        95.849
                 SALAMANCA           210.829       7.030           11.418       18.107       247.384
                 S.C.TENERIFE              0       8.383           16.148      323.540       348.071
                 CANTABRIA            37.163       2.268              235       57.863        97.529
                 SEGOVIA                 598       3.933            5.085       11.974        21.590
                 SEVILLA              13.001      19.456           84.803       15.637       132.897
                 SORIA                 2.283     113.856            3.539        8.773       128.451
                 TARRAGONA            41.318      72.494            6.075    2.766.410     2.886.297
                 TERUEL                2.430      11.802            5.468      765.092       784.792
                 TOLEDO               16.851       9.891           33.372      274.268       334.382
                 VALENCIA             80.549      24.718           19.884    1.222.713     1.347.864
                 VALLADOLID            5.891      26.340           22.541       41.012        95.784
                 VIZCAYA               5.310      10.209              545      653.542       669.606
                 ZAMORA               84.765      64.057           15.106        1.961       165.889
                 ZARAGOZA             43.455     263.017           17.535      243.400       567.407
                 CEUTA                     0           0                0       19.074        19.074
                 MELILLA                   0           0                0       18.626        18.626
                                 ----------- -----------  ---------------  ----------- -------------
                 T O T A L         2.007.411   2.894.431        1.041.408   16.547.442    22.490.692


1.2.5 PRODUCCION BRUTA Y DISPONIBLE POR PROVINCIAS. DATOS MENSUALES                                JUNIO      2011
      CENTRALES DE 1.000 kW O MAS
                PRODUCCION BRUTA                             PRODUCCION DISPONIBLE EXPRESADA EN MWh
                ----------------              -------------------------------------------------------------------
PROVINCIA          TOTAL (MWh)      BOMBEO     HIDROELECT.   EOLICA    ENERG페 SOLAR *  TERMOELECT.      TOTAL
--------------- ---------------- -----------  -----------  ----------- ---------------  ----------- -------------
ALAVA                     60.969           0        9.654       18.882           1.633       29.402        59.571
ALBACETE                 303.145           0       18.823      202.075          61.049       16.511       298.458
ALICANTE                  24.601           0          181            0          18.762        5.215        24.158
ALMERIA                  339.756           0            0       38.175          12.726      272.188       323.089
AVILA                     32.885           0        6.420       14.703          11.016            0        32.139
BADAJOZ                  200.034           0       18.857            0         174.367        4.315       197.539
BALEARES                 540.009           0            0          366           9.871      492.619       502.856
BARCELONA                617.824           0       23.647       20.312          12.883      539.087       595.929
BURGOS                   647.300           0        8.652      207.487           4.001      405.257       625.397
CACERES                1.307.183           0      262.116            0          53.085      952.225     1.267.426
CADIZ                  1.143.024           0            0      240.064          12.522      860.122     1.112.708
CASTELLON                486.722           0        9.131       53.730           7.063      405.444       475.368
CIUDAD REAL              345.422           0            0       20.920          64.105      231.187       316.212
CORDOBA                  198.847           0       17.360            0          46.371      119.119       182.850
LA CORU헤                911.742           0       18.479      201.372             220      656.062       876.133
CUENCA                   144.530           0       17.068       75.398          43.507        7.288       143.261
GIRONA                    74.611           0       43.221            0           2.924       26.426        72.571
GRANADA                  159.541           0       34.345       30.948          48.540       42.939       156.772
GUADALAJARA              766.941      36.131      -23.383       56.952           4.993      646.133       684.695
GUIPUZCOA                 63.750           0        1.885            0             650       58.509        61.044
HUELVA                   560.749           0            0       61.328          12.771      470.755       544.854
HUESCA                   355.972      11.375      216.849       44.716           6.882       69.699       338.146
JAEN                     112.106           0       22.624          855          16.008       69.694       109.181
LEON                     791.537           0       47.711       43.190           8.877      636.346       736.124
LLEIDA                   452.056      13.407      307.558       30.663          15.840       76.741       430.802
LA RIOJA                 156.760           0       13.588       59.184          14.323       65.576       152.671
LUGO                     262.154           0       25.571      230.008             594        2.384       258.557
MADRID                   116.544           0       10.836            0           6.922       89.455       107.213
MALAGA                   341.839       8.038       19.830       79.260           8.435      219.106       326.631
MURCIA                   746.630           0        8.257       11.462          66.396      643.485       729.600
NAVARRA                  394.710           0       15.858      205.962          31.745      134.748       388.313
ORENSE                   167.680           0      113.615       32.581             321       18.091       164.608
ASTURIAS               1.015.854           0       82.335       43.436               0      837.139       962.910
PALENCIA                 252.911           0       22.584      100.091           4.653      114.414       241.742
LAS PALMAS               432.862           0            0       28.121           6.910      375.439       410.470
PONTEVEDRA                95.849           0        2.253       68.942             754       22.068        94.017
SALAMANCA                247.384           0      209.031        6.943          11.305       18.014       245.293
S.C.TENERIFE             348.071           0            0        8.131          15.988      304.171       328.290
CANTABRIA                 97.529      28.919        7.883        2.219             233       54.228        64.563
SEGOVIA                   21.590           0          565        3.899           5.034       10.963        20.461
SEVILLA                  132.897       4.423        7.940       19.032          83.959       14.967       125.898
SORIA                    128.451           0        2.272      111.884           3.504        8.452       126.112
TARRAGONA              2.886.297           0       40.859       70.417           6.015    2.652.144     2.769.435
TERUEL                   784.792           0        2.414       11.496           5.414      711.001       730.325
TOLEDO                   334.382           0       16.682        9.716          33.042      266.216       325.656
VALENCIA               1.347.864           0       79.224       24.573          19.687    1.181.258     1.304.742
VALLADOLID                95.784           0        5.813       25.550          22.318       39.073        92.754
VIZCAYA                  669.606           0        5.250       10.008             540      627.307       643.105
ZAMORA                   165.889           0       83.914       62.853          14.956        1.829       163.552
ZARAGOZA                 567.407           0       42.870      256.293          17.362      237.604       554.129
CEUTA                     19.074           0            0            0               0       17.357        17.357
MELILLA                   18.626           0            0            0               0       17.411        17.411
                ---------------- -----------  -----------  ----------- ---------------  ----------- -------------
T O T A L             22.490.692     102.293    1.880.642    2.844.197       1.031.076   15.777.183    21.533.098

(*) - Incluye energ眼 de origen fotovoltaico y de origen termosolar.
