200601 678427
200602 683632
200603 638235
200604 621942
200605 657320
200606 718257
200607 883898
200608 602362
200609 677837
200610 521055
200611 498482
200612 491001
200701 586534
200702 536619
200703 585460
200704 537741
200705 523069
200706 673476
200707 693591
200708 513999
200709 489697
200710 562835
200711 662961
200712 647645
200801 629455
200802 542659
200803 642128
200804 546029
200805 457378
200806 433671
200807 629641
200808 673075
200809 679088
200810 664929
200811 567032
200812 525051
200901 498807
200902 542603
200903 499249
200904 458720
200905 554148
200906 573689
200907 666368
200908 627777
200909 562610
200910 554322
200911 394885
200912 560641
201001 565832
201002 492522
201003 486671
201004 499046
201005 557808
201006 617479
201007 564543
201008 610867
201009 606289
201010 734782
201011 787754
201012 634913
201101 707715
201102 899983
201103 892585
201104 637203
201105 703277
201106 552007
201107 485914
201108 683146
201109 624264
201110 634447
201111 605138
201112 580200
201201 707710
201202 651493
201203 496862
201204 471779
201205 594346
201206 676514
201207 695006
201208 725858
201209 654279
201210 663331
201211 667790
201212 614607
201301 683783
201302 563303
201303 474636
201304 477919
201305 542828
201306 452919
201307 702524
201308 597779
201309 593412
201310 592004
201311 591014
201312 662573
201401 471104
201402 423988
201403 422251
201404 345522
201405 460049
201406 542203
201407 593905
201408 587055
201409 603221
201410 569057
201411 581831
201412 614503
201501 649808
201502 562468
201503 619241
201504 605746
