200601 823.761
200602 679.249
200603 478.473
200604 391.285
200605 654.814
200606 621.224
200607 764.791
200608 639.128
200609 719.984
200610 600.711
200611 539.262
200612 519.708
200701 750.539
200702 581.823
200703 499.906
200704 614.039
200705 673.495
200706 618.279
200707 671.111
200708 564.187
200709 646.661
200710 595.315
200711 649.454
200712 627.934
200801 635.676
200802 648.414
200803 662.245
200804 511.360
200805 376.020
200806 257.243
200807 614.756
200808 255.069
200809 435.962
200810 538.210
200811 332.720
200812 572.498
200901 610.025
200902 495.276
200903 318.411
200904 205.604
200905 162.869
200906 127.938
200907 298.052
200908 59.363
200909 167.258
200910 246.716
200911 219.523
200912 150.460
201001 79.443
201002 62.819
201003 0
201004 0
201005 0
201006 11.473
201007 181.552
201008 219.324
201009 464.304
201010 341.107
201011 214.884
201012 335.759
201101 336.253
201102 495.941
201103 495.736
201104 514.863
201105 644.521
201106 629.877
201107 711.089
201108 679.867
201109 745.596
201110 605.838
201111 479.407
201112 296.589
201201 667.938
201202 655.857
201203 543.553
201204 111.422
201205 419.488
201206 523.300
201207 422.715
201208 545.890
201209 384.889
201210 338.584
201211 280.098
201212 355.443
201301 212.510
201302 173.989
201303 35.220
201304 18.054
201305 249.211
201306 342.434
201307 676.550
201308 441.499
201309 496.392
201310 410.189
201311 173.367
201312 513.685
201401 188.265
201402 0
201403 56.245
201404 196.668
201405 368.631
201406 546.029
201407 535.579
201408 663.277
201409 711.235
201410 723.201
201411 436.437
201412 544.971
201501 499.724
201502 196.454
201503 121.307
201504 247.228
