200601 16.635
200602 22.044
200603 67.870
200604 12.875
200605 15.138
200606 13.955
200607 9.269
200608 14.684
200609 13.800
200610 12.934
200611 14.140
200612 11.731
200701 12.354
200702 12.275
200703 4.813
200704 4.177
200705 58.932
200706 213.468
200707 158.729
200708 83.815
200709 232.504
200710 230.600
200711 342.804
200712 259.004
200801 557.599
200802 526.935
200803 537.917
200804 235.994
200805 157.627
200806 236.337
200807 491.727
200808 488.255
200809 265.104
200810 167.054
200811 105.569
200812 46.220
200901 37.737
200902 18.603
200903 19.280
200904 14.144
200905 33.816
200906 65.494
200907 253.707
200908 254.356
200909 290.661
200910 304.415
200911 301.954
200912 295.253
201001 188.159
201002 186.806
201003 204.077
201004 158.721
201005 97.345
201006 174.492
201007 331.105
201008 152.185
201009 121.387
201010 104.300
201011 220.000
201012 134.193
201101 105.020
201102 81.091
201103 59.500
201104 4.464
201105 5.267
201106 134.905
201107 4.880
201108 3.722
201109 11.433
201110 10.087
201111 16.970
201112 15.643
201201 7.998
201202 13.613
201203 8.520
201204 4.659
201205 10.494
201206 18.198
201207 14.722
201208 6.718
201209 6.017
201210 27.019
201211 35.104
201212 29.112
201301 6.824
201302 5.603
201303 22.153
201304 18.292
201305 15.450
201306 6.043
201307 13.334
201308 2.749
201309 14.533
201310 19.591
201311 34.548
201312 34.628
201401 25.264
201402 47.610
201403 29.901
201404 15.413
201405 2.742
201406 3.523
201407 3.645
201408 2.364
201409 1.361
201410 2.129
201411 35.045
201412 31.252
201501 27.902
201502 7.121
201503 11.457
201504 6.012
