200601 482
200602 614
200603 849
200604 925
200605 1.042
200606 954
200607 911
200608 869
200609 792
200610 772
200611 837
200612 423
200701 573
200702 799
200703 878
200704 595
200705 852
200706 1.057
200707 871
200708 630
200709 538
200710 601
200711 492
200712 187
200801 659
200802 299
200803 525
200804 704
200805 472
200806 386
200807 407
200808 350
200809 185
200810 215
200811 26
200812 142
200901 193
200902 141
200903 136
200904 39
200905 124
200906 52
200907 152
200908 218
200909 296
200910 149
200911 172
200912 83
201001 165
201002 114
201003 0
201004 57
201005 310
201006 243
201007 178
201008 322
201009 223
201010 102
201011 111
201012 52
201101 0
201102 0
201103 151
201104 46
201105 210
201106 311
201107 218
201108 112
201109 319
201110 164
201111 100
201112 0
201201 205
201202 160
201203 46
201204 0
201205 266
201206 0
201207 287
201208 517
201209 262
201210 73
201211 226
201212 290
201301 0
201302 0
201303 0
201304 0
201305 0
201306 0
201307 0
201308 0
201309 0
201310 0
201311 0
201312 0
201401 0
201402 0
201403 0
201404 0
201405 0
201406 0
201407 0
201408 0
201409 0
201410 0
201411 0
201412 0
201501 0
201502 0
201503 0
201504 0
