200601 840.878
200602 701.906
200603 547.192
200604 405.085
200605 670.993
200606 636.133
200607 774.971
200608 654.681
200609 734.576
200610 614.418
200611 554.239
200612 531.862
200701 763.466
200702 594.897
200703 505.597
200704 618.811
200705 733.279
200706 832.804
200707 830.711
200708 648.632
200709 879.703
200710 826.516
200711 992.750
200712 887.125
200801 1.193.934
200802 1.175.648
200803 1.200.687
200804 748.058
200805 534.120
200806 493.966
200807 1.106.890
200808 743.674
200809 701.251
200810 705.478
200811 438.315
200812 618.861
200901 647.955
200902 514.020
200903 337.827
200904 219.787
200905 196.809
200906 193.484
200907 551.911
200908 313.937
200909 458.215
200910 551.280
200911 521.649
200912 445.795
201001 267.767
201002 249.739
201003 204.077
201004 158.778
201005 97.655
201006 186.208
201007 512.835
201008 371.831
201009 585.914
201010 445.509
201011 434.995
201012 470.004
201101 441.273
201102 577.032
201103 555.387
201104 519.373
201105 649.998
201106 765.092
201107 716.187
201108 683.702
201109 757.349
201110 616.089
201111 496.477
201112 312.232
201201 676.141
201202 669.631
201203 552.119
201204 116.081
201205 430.248
201206 541.498
201207 437.724
201208 553.125
201209 391.168
201210 365.676
201211 315.428
201212 384.844
201301 219.334
201302 179.592
201303 57.373
201304 36.346
201305 264.661
201306 348.477
201307 689.884
201308 444.248
201309 510.925
201310 429.780
201311 207.915
201312 548.313
201401 213.529
201402 47.610
201403 86.146
201404 212.081
201405 371.373
201406 549.552
201407 539.224
201408 665.641
201409 712.596
201410 725.330
201411 471.482
201412 576.223
201501 527.626
201502 203.575
201503 132.764
201504 253.240
