200601 222.679
200602 185.607
200603 77.668
200604 61.943
200605 52.514
200606 143.858
200607 169.186
200608 106.335
200609 179.734
200610 178.110
200611 94.040
200612 113.580
200701 153.418
200702 168.936
200703 41.254
200704 157.794
200705 194.287
200706 190.453
200707 188.024
200708 216.726
200709 200.035
200710 172.711
200711 231.796
200712 195.287
200801 0
200802 0
200803 0
200804 0
200805 0
200806 0
200807 0
200808 0
200809 0
200810 0
200811 0
200812 17.652
200901 11.095
200902 45.579
200903 124.883
200904 2.432
200905 65.095
200906 0
200907 0
200908 0
200909 14.295
200910 138.472
200911 104.735
200912 55.583
201001 9.506
201002 11.542
201003 0
201004 0
201005 0
201006 65.882
201007 75.753
201008 136.391
201009 116.451
201010 33.219
201011 74.113
201012 51.355
201101 0
201102 44.725
201103 91.275
201104 63.451
201105 125.795
201106 100.778
201107 191.665
201108 115.577
201109 165.559
201110 150.598
201111 63.138
201112 140.011
201201 172.903
201202 96.621
201203 52.030
201204 103.911
201205 88.040
201206 106.042
201207 146.537
201208 133.746
201209 69.441
201210 92.693
201211 23.507
201212 37.190
201301 0
201302 11.557
201303 0
201304 0
201305 0
201306 22.788
201307 181.581
201308 90.836
201309 45.653
201310 159.274
201311 42.717
201312 143.818
201401 0
201402 0
201403 0
201404 11.037
201405 41.720
201406 88.866
201407 189.387
201408 171.070
201409 237.880
201410 107.742
201411 131.063
201412 170.669
201501 90.023
201502 87.264
201503 75.869
201504 95.372
