200601 0
200602 0
200603 0
200604 0
200605 0
200606 0
200607 0
200608 0
200609 0
200610 0
200611 0
200612 0
200701 9.611
200702 9.214
200703 10.649
200704 8.403
200705 19.173
200706 11.961
200707 2.452
200708 11.072
200709 18.212
200710 12.392
200711 11.253
200712 16.969
200801 27.992
200802 10.252
200803 20.275
200804 19.715
200805 12.415
200806 14.657
200807 19.418
200808 20.217
200809 10.512
200810 24.590
200811 23.850
200812 13.831
200901 26.297
200902 13.832
200903 15.502
200904 8.265
200905 27.323
200906 19.661
200907 17.152
200908 15.865
200909 15.233
200910 22.056
200911 10.272
200912 9.860
201001 18.142
201002 18.036
201003 27.414
201004 9.867
201005 9.948
201006 8.302
201007 11.989
201008 11.971
201009 9.876
201010 12.983
201011 11.089
201012 2.330
201101 10.730
201102 14.315
201103 15.327
201104 15.340
201105 13.900
201106 14.468
201107 14.051
201108 16.457
201109 14.507
201110 15.582
201111 15.371
201112 14.148
201201 10.487
201202 13.277
201203 18.456
201204 17.856
201205 9.433
201206 18.090
201207 19.293
201208 25.695
201209 22.091
201210 23.420
201211 24.106
201212 24.646
201301 24.594
201302 23.038
201303 20.523
201304 9.383
201305 22.133
201306 25.280
201307 26.199
201308 21.335
201309 17.881
201310 18.109
201311 22.248
201312 24.618
201401 24.781
201402 17.062
201403 15.639
201404 9.415
201405 15.668
201406 23.540
201407 22.015
201408 27.139
201409 21.996
201410 24.367
201411 22.413
201412 23.904
201501 23.038
201502 20.936
201503 24.311
201504 16.668
