200601 195
200602 6.162
200603 7.002
200604 6.896
200605 5.677
200606 5.465
200607 414
200608 351
200609 255
200610 264
200611 495
200612 424
200701 5.988
200702 7.268
200703 152
200704 702
200705 436
200706 380
200707 389
200708 69
200709 250
200710 414
200711 62
200712 482
200801 0
200802 0
200803 0
200804 0
200805 0
200806 0
200807 0
200808 0
200809 0
200810 9.640
200811 0
200812 13.644
200901 48
200902 13.404
200903 14.823
200904 11.601
200905 4.091
200906 0
200907 22.849
200908 25.346
200909 38.893
200910 26.790
200911 10.579
200912 526
201001 6.216
201002 27.798
201003 4.016
201004 17.148
201005 23.034
201006 6.907
201007 22.891
201008 9.944
201009 11.304
201010 7.392
201011 2.401
201012 6.567
201101 20.560
201102 16.681
201103 16.806
201104 19.881
201105 20.323
201106 19.063
201107 13.875
201108 20.736
201109 21.275
201110 22.333
201111 19.559
201112 21.686
201201 7.033
201202 16.381
201203 14.890
201204 16.640
201205 17.268
201206 16.566
201207 16.433
201208 17.674
201209 15.496
201210 17.643
201211 13.045
201212 15.688
201301 15.731
201302 14.163
201303 17.330
201304 7.115
201305 17.224
201306 17.905
201307 18.780
201308 17.801
201309 15.587
201310 16.314
201311 17.556
201312 17.218
201401 17.124
201402 10.268
201403 11.238
201404 11.928
201405 14.903
201406 13.939
201407 14.497
201408 16.000
201409 12.933
201410 15.837
201411 14.902
201412 13.753
201501 16.010
201502 14.439
201503 6.058
201504 1.026
