200601 222.874
200602 191.769
200603 84.670
200604 68.839
200605 58.191
200606 149.323
200607 169.600
200608 106.686
200609 179.989
200610 178.374
200611 94.535
200612 114.004
200701 169.017
200702 185.418
200703 52.055
200704 166.899
200705 213.896
200706 202.794
200707 190.865
200708 227.867
200709 218.497
200710 185.517
200711 243.111
200712 212.738
200801 27.992
200802 10.252
200803 20.275
200804 19.715
200805 12.415
200806 14.657
200807 19.418
200808 20.217
200809 10.512
200810 34.230
200811 23.850
200812 45.127
200901 37.440
200902 72.815
200903 155.207
200904 22.298
200905 96.509
200906 19.661
200907 40.001
200908 41.211
200909 68.421
200910 187.318
200911 125.586
200912 65.969
201001 33.864
201002 57.376
201003 31.430
201004 27.015
201005 32.982
201006 81.091
201007 110.633
201008 158.306
201009 137.631
201010 53.594
201011 87.603
201012 60.252
201101 31.290
201102 75.721
201103 123.407
201104 98.672
201105 160.017
201106 134.309
201107 219.591
201108 152.770
201109 201.341
201110 188.513
201111 98.068
201112 175.844
201201 190.423
201202 126.279
201203 85.376
201204 138.407
201205 114.741
201206 140.698
201207 182.263
201208 177.115
201209 107.028
201210 133.756
201211 60.658
201212 77.524
201301 40.325
201302 48.758
201303 37.853
201304 16.498
201305 39.357
201306 65.973
201307 226.560
201308 129.972
201309 79.121
201310 193.697
201311 82.521
201312 185.654
201401 41.905
201402 27.330
201403 26.877
201404 32.380
201405 72.291
201406 126.345
201407 225.899
201408 214.209
201409 272.809
201410 147.946
201411 168.378
201412 208.326
201501 129.071
201502 122.639
201503 106.238
201504 113.066
