200601 1588
200602 1642
200603 33585
200604 32578
200605 31906
200606 29672
200607 29220
200608 26618
200609 56526
200610 62125
200611 41885
200612 73089
200701 43268
200702 32934
200703 32207
200704 38434
200705 38123
200706 34357
200707 33602
200708 30634
200709 36898
200710 33200
200711 39219
200712 40827
200801 41976
200802 37533
200803 41290
200804 39049
200805 36538
200806 37203
200807 37473
200808 25179
200809 25799
200810 39796
200811 39324
200812 31255
200901 6418
200902 7837
200903 9171
200904 9567
200905 14158
200906 32938
200907 35110
200908 30182
200909 37864
200910 40370
200911 37998
200912 41459
201001 42634
201002 39381
201003 39986
201004 33720
201005 34331
201006 31475
201007 27851
201008 23693
201009 29221
201010 33539
201011 34519
201012 21293
201101 34440
201102 31959
201103 32449
201104 32204
201105 25614
201106 30739
201107 31754
201108 26305
201109 28543
201110 31004
201111 32309
201112 35213
201201 33272
201202 28359
201203 34519
201204 32263
201205 28985
201206 30842
201207 31787
201208 26252
201209 31518
201210 40750
201211 37284
201212 38331
201301 33592
201302 23424
201303 33801
201304 31617
201305 32520
201306 30131
201307 31639
201308 25974
201309 32487
201310 28987
201311 33773
201312 35376
201401 33678
201402 10907
201403 16929
201404 17942
201405 30342
201406 28093
201407 31429
201408 24899
201409 31028
201410 32589
201411 24337
201412 26336
201501 33208
201502 27985
201503 35291
201504 29215
