200601 357
200602 0
200603 697
200604 557
200605 627
200606 500
200607 418
200608 579
200609 625
200610 1.262
200611 611
200612 530
200701 666
200702 576
200703 557
200704 516
200705 434
200706 18.461
200707 18.590
200708 18.846
200709 16.347
200710 986
200711 714
200712 654
200801 566
200802 1.458
200803 357
200804 479
200805 1.138
200806 836
200807 6.619
200808 10.329
200809 686
200810 17.117
200811 17.952
200812 18.651
200901 17.803
200902 17.226
200903 19.423
200904 17.773
200905 18.159
200906 17.020
200907 18.585
200908 18.216
200909 16.960
200910 19.231
200911 18.482
200912 19.018
201001 10.887
201002 17.181
201003 18.798
201004 18.111
201005 0
201006 526
201007 18.317
201008 18.625
201009 17.667
201010 19.166
201011 18.584
201012 18.030
201101 18.254
201102 17.361
201103 18.947
201104 11.304
201105 18.451
201106 18.107
201107 18.029
201108 18.639
201109 14.172
201110 18.324
201111 17.940
201112 19.091
201201 18.764
201202 7.886
201203 649
201204 557
201205 13.631
201206 18.204
201207 17.345
201208 787
201209 16.689
201210 19.949
201211 18.218
201212 17.382
201301 10.428
201302 13.633
201303 0
201304 17.892
201305 17.750
201306 17.696
201307 18.274
201308 17.883
201309 10.266
201310 18.774
201311 18.340
201312 18.647
201401 13.401
201402 16.504
201403 17.851
201404 17.810
201405 18.394
201406 17.600
201407 17.864
201408 17.814
201409 17.876
201410 14.278
201411 18.109
201412 18.623
201501 18.836
201502 16.887
201503 8.322
201504 18.123
