
1.2.5 PRODUCCION BRUTA Y DISPONIBLE POR PROVINCIAS. DATOS MENSUALES                                ABRIL      2011
      CENTRALES DE 1.000 kW O MAS
                                                PRODUCCION BRUTA EXPRESADA EN MWh            
                                 -------------------------------------------------------------------
                 PROVINCIA       HIDROELECT.    EOLICA    ENERG페 SOLAR *  TERMOELECT.      TOTAL
                 --------------- ----------- -----------  ---------------  ----------- -------------
                 ALAVA                 9.734      26.133            1.462       32.204        69.533
                 ALBACETE             17.521     267.992           51.093       18.612       355.218
                 ALICANTE                173           0           16.758        5.746        22.677
                 ALMERIA                   0      46.460           11.324      264.002       321.786
                 AVILA                22.203      33.521            9.276            0        65.000
                 BADAJOZ              11.345           0          105.838        4.420       121.603
                 BALEARES                  0         611            9.998      415.007       425.616
                 BARCELONA            20.339      26.194           10.658      661.821       719.012
                 BURGOS                6.372     236.468            3.622      413.797       660.259
                 CACERES             366.552           0           38.794    1.477.286     1.882.632
                 CADIZ                     0     357.824            9.045      520.465       887.334
                 CASTELLON             5.239      69.632            6.565      313.217       394.653
                 CIUDAD REAL               0      25.679           48.816       78.473       152.968
                 CORDOBA               9.682           0           33.019       98.672       141.373
                 LA CORU헤            57.454     105.028              214      915.013     1.077.709
                 CUENCA               16.578     107.048           38.664        6.473       168.763
                 GIRONA               36.329           0            3.117       27.951        67.397
                 GRANADA              24.073      56.723           43.332       52.189       176.317
                 GUADALAJARA          16.264      75.782            4.285      755.063       851.394
                 GUIPUZCOA             4.363           0              599       60.543        65.505
                 HUELVA                    0      41.438            9.898      218.862       270.198
                 HUESCA              311.537      45.699            6.122       70.912       434.270
                 JAEN                 16.042       2.688           12.653       69.753       101.136
                 LEON                 64.495      45.324            7.451      677.201       794.471
                 LLEIDA              314.395      32.462           14.095       78.537       439.489
                 LA RIOJA             19.036      88.512           13.139        2.710       123.397
                 LUGO                170.120     208.627              530        2.042       381.319
                 MADRID               49.222           0            5.295       92.392       146.909
                 MALAGA               25.153     122.492            6.576      158.572       312.793
                 MURCIA                7.364      18.498           55.725      314.194       395.781
                 NAVARRA              34.869     234.417           27.213      132.773       429.272
                 ORENSE              427.557      42.539              254       19.129       489.479
                 ASTURIAS            153.217      64.338                0      612.099       829.654
                 PALENCIA             13.329     100.952            4.002      164.612       282.895
                 LAS PALMAS                0      17.561            6.161      394.025       417.747
                 PONTEVEDRA           14.374      75.767              696       19.036       109.873
                 SALAMANCA           563.716       7.500            8.998       11.304       591.518
                 S.C.TENERIFE              0       5.629           13.285      309.605       328.519
                 CANTABRIA            61.027       6.174              224       77.468       144.893
                 SEGOVIA                 929       7.249            4.223       12.982        25.383
                 SEVILLA              21.882      35.786           53.032       15.785       126.485
                 SORIA                 3.269     135.528            3.208       19.840       161.845
                 TARRAGONA            68.227      70.265            5.174    1.803.903     1.947.569
                 TERUEL                1.475      12.868            4.862      519.373       538.578
                 TOLEDO               41.646      14.385           27.302      265.677       349.010
                 VALENCIA            117.670      35.673           16.873    1.063.324     1.233.540
                 VALLADOLID           10.962      25.033           18.466       47.385       101.846
                 VIZCAYA               6.318      13.632              473      313.479       333.902
                 ZAMORA              316.251      62.914           12.338        1.823       393.326
                 ZARAGOZA             74.582     267.596           15.657      197.890       555.725
                 CEUTA                     0           0                0       16.456        16.456
                 MELILLA                   0           0                0       16.094        16.094
                                 ----------- -----------  ---------------  ----------- -------------
                 T O T A L         3.532.885   3.276.641          800.404   13.840.191    21.450.121


1.2.5 PRODUCCION BRUTA Y DISPONIBLE POR PROVINCIAS. DATOS MENSUALES                                ABRIL      2011
      CENTRALES DE 1.000 kW O MAS
                PRODUCCION BRUTA                             PRODUCCION DISPONIBLE EXPRESADA EN MWh
                ----------------              -------------------------------------------------------------------
PROVINCIA          TOTAL (MWh)      BOMBEO     HIDROELECT.   EOLICA    ENERG페 SOLAR *  TERMOELECT.      TOTAL
--------------- ---------------- -----------  -----------  ----------- ---------------  ----------- -------------
ALAVA                     69.533           0        9.607       26.133           1.448       31.102        68.290
ALBACETE                 355.218           0       17.388      264.904          50.588       17.915       350.795
ALICANTE                  22.677           0          172            0          16.592        5.498        22.262
ALMERIA                  321.786           0            0       45.220          11.212      250.188       306.620
AVILA                     65.000           0       21.928       32.693           9.184            0        63.805
BADAJOZ                  121.603           0       11.013            0         104.786        4.136       119.935
BALEARES                 425.616           0            0          593           9.899      382.942       393.434
BARCELONA                719.012           0       20.171       25.564          10.553      638.278       694.566
BURGOS                   660.259           0        6.313      231.256           3.587      396.654       637.810
CACERES                1.882.632       5.964      357.073            0          38.410    1.422.836     1.818.319
CADIZ                    887.334           0            0      351.613           8.955      500.534       861.102
CASTELLON                394.653           0        5.185       69.300           6.500      303.232       384.217
CIUDAD REAL              152.968           0            0       22.172          48.331       77.234       147.737
CORDOBA                  141.373           0        9.388            0          32.691       87.634       129.713
LA CORU헤              1.077.709           0       55.619      103.468             212      873.708     1.033.007
CUENCA                   168.763           0       16.399      106.377          38.281        6.312       167.369
GIRONA                    67.397           0       35.847            0           3.086       26.621        65.554
GRANADA                  176.317           0       23.793       56.395          42.900       50.396       173.484
GUADALAJARA              851.394      31.962      -15.981       74.773           4.242      705.745       768.779
GUIPUZCOA                 65.505           0        4.327            0             593       58.218        63.138
HUELVA                   270.198           0            0       41.324           9.800      211.938       263.062
HUESCA                   434.270      19.796      290.277       44.809           6.061       66.896       408.043
JAEN                     101.136           0       15.824        2.607          12.528       67.546        98.505
LEON                     794.471           0       62.947       41.657           7.377      623.164       735.145
LLEIDA                   439.489      22.987      287.000       31.916          13.956       75.691       408.563
LA RIOJA                 123.397           0       18.998       87.100          13.009        1.535       120.642
LUGO                     381.319           0      168.101      205.726             525        1.985       376.337
MADRID                   146.909           0       48.816            0           5.242       84.492       138.550
MALAGA                   312.793      15.304        9.258      120.539           6.511      154.292       290.600
MURCIA                   395.781           0        7.329       18.322          55.174      303.889       384.714
NAVARRA                  429.272           0       34.843      233.257          26.944      128.048       423.092
ORENSE                   489.479       6.779      415.388       42.467             252       18.318       476.425
ASTURIAS                 829.654           0      150.795       62.871               0      571.035       784.701
PALENCIA                 282.895           0       13.214       99.655           3.962      152.851       269.682
LAS PALMAS               417.747           0            0       17.034           6.100      372.174       395.308
PONTEVEDRA               109.873           0       14.152       74.758             689       18.334       107.933
SALAMANCA                591.518      34.786      525.099        7.425           8.909       11.243       552.676
S.C.TENERIFE             328.519           0            0        5.460          13.154      291.632       310.246
CANTABRIA                144.893      52.696        7.508        6.042             222       72.971        86.743
SEGOVIA                   25.383           0        1.020        7.150           4.181       11.989        24.340
SEVILLA                  126.485       9.494       11.773       35.083          52.504       15.100       114.460
SORIA                    161.845           0        3.246      133.184           3.177       18.885       158.492
TARRAGONA              1.947.569           0       67.568       68.285           5.122    1.730.900     1.871.875
TERUEL                   538.578           0        1.465       12.533           4.814      476.674       495.486
TOLEDO                   349.010           0       41.484       14.151          27.032      257.965       340.632
VALENCIA               1.233.540     106.583        9.369       35.495          16.706    1.025.536     1.087.106
VALLADOLID               101.846           0       10.882       24.282          18.283       45.287        98.734
VIZCAYA                  333.902           0        6.253       13.428             468      301.406       321.555
ZAMORA                   393.326           0      314.480       61.807          12.215        1.706       390.208
ZARAGOZA                 555.725           0       73.631      260.859          15.502      193.562       543.554
CEUTA                     16.456           0            0            0               0       14.975        14.975
MELILLA                   16.094           0            0            0               0       14.934        14.934
                ---------------- -----------  -----------  ----------- ---------------  ----------- -------------
T O T A L             21.450.121     306.351    3.188.962    3.219.687         792.469   13.176.136    20.377.254

(*) - Incluye energ眼 de origen fotovoltaico y de origen termosolar.
