200601 1.573.607
200602 1.399.967
200603 1.096.932
200604 734.837
200605 824.140
200606 1.055.457
200607 1.345.811
200608 1.269.042
200609 1.313.876
200610 1.143.803
200611 966.200
200612 985.495
200701 1.434.498
200702 1.160.984
200703 1.217.123
200704 1.375.802
200705 1.347.674
200706 1.405.655
200707 1.389.217
200708 1.374.100
200709 1.233.250
200710 1.289.744
200711 1.136.058
200712 1.307.853
200801 971.409
200802 980.057
200803 700.851
200804 661.044
200805 605.034
200806 517.337
200807 664.966
200808 634.386
200809 565.553
200810 818.572
200811 859.408
200812 1.095.730
200901 1.137.691
200902 799.814
200903 879.497
200904 491.034
200905 519.695
200906 513.695
200907 476.134
200908 349.365
200909 434.537
200910 481.969
200911 239.619
200912 334.846
201001 231.297
201002 224.126
201003 259.513
201004 203.060
201005 267.532
201006 191.236
201007 421.419
201008 438.601
201009 668.877
201010 472.943
201011 456.479
201012 510.852
201101 262.473
201102 365.789
201103 364.304
201104 289.494
201105 460.263
201106 460.092
201107 564.277
201108 685.314
201109 929.584
201110 915.180
201111 761.953
201112 562.131
201201 839.050
201202 980.780
201203 758.710
201204 388.328
201205 646.529
201206 923.389
201207 935.364
201208 903.461
201209 738.627
201210 831.320
201211 914.935
201212 950.911
201301 660.917
201302 579.633
201303 310.321
201304 115.050
201305 350.894
201306 501.210
201307 998.132
201308 806.692
201309 960.290
201310 1.077.014
201311 589.443
201312 1.086.283
201401 400.753
201402 130.754
201403 232.846
201404 217.170
201405 444.109
201406 1.060.114
201407 1.118.625
201408 963.553
201409 1.058.822
201410 978.704
201411 674.076
201412 827.847
201501 1.162.953
201502 705.621
201503 755.152
201504 621.114
