200601 43.087
200602 32.460
200603 24.937
200604 25.852
200605 22.997
200606 33.413
200607 31.622
200608 25.546
200609 30.058
200610 23.204
200611 36.526
200612 32.571
200701 28.833
200702 20.406
200703 17.333
200704 23.936
200705 29.451
200706 27.725
200707 27.452
200708 26.708
200709 32.539
200710 20.991
200711 31.441
200712 32.660
200801 26.444
200802 26.714
200803 23.650
200804 22.853
200805 21.610
200806 26.358
200807 21.404
200808 21.576
200809 12.989
200810 16.622
200811 20.848
200812 30.536
200901 23.061
200902 19.551
200903 26.775
200904 21.739
200905 27.131
200906 29.406
200907 26.123
200908 23.531
200909 23.971
200910 25.259
200911 21.309
200912 24.585
201001 20.923
201002 11.031
201003 24.536
201004 19.933
201005 23.818
201006 18.852
201007 19.254
201008 20.820
201009 16.592
201010 19.897
201011 22.369
201012 22.452
201101 22.949
201102 21.276
201103 23.632
201104 24.953
201105 21.584
201106 19.955
201107 19.820
201108 21.046
201109 24.502
201110 21.921
201111 19.466
201112 22.689
201201 46.409
201202 22.181
201203 56.042
201204 20.323
201205 20.635
201206 21.274
201207 22.325
201208 18.776
201209 19.820
201210 20.508
201211 21.091
201212 22.958
201301 19.603
201302 18.896
201303 17.984
201304 18.088
201305 39.100
201306 28.511
201307 26.380
201308 27.012
201309 25.165
201310 13.709
201311 18.645
201312 26.770
201401 61.882
201402 49.485
201403 38.489
201404 16.527
201405 61.788
201406 57.504
201407 51.779
201408 58.043
201409 50.884
201410 57.832
201411 53.622
201412 62.763
201501 40.387
201502 49.640
201503 51.962
201504 28.987
