200601 16.904
200602 18.723
200603 15.427
200604 16.168
200605 18.123
200606 17.165
200607 16.552
200608 15.526
200609 15.703
200610 16.558
200611 18.741
200612 18.246
200701 15.916
200702 16.764
200703 18.304
200704 17.666
200705 17.238
200706 17.613
200707 21.450
200708 16.793
200709 17.772
200710 16.153
200711 18.999
200712 20.645
200801 22.115
200802 23.196
200803 26.273
200804 25.618
200805 33.151
200806 104.537
200807 110.909
200808 30.432
200809 167.329
200810 244.395
200811 247.133
200812 48.618
200901 103.916
200902 21.449
200903 24.083
200904 161.101
200905 159.347
200906 191.039
200907 163.387
200908 203.886
200909 200.178
200910 159.459
200911 133.538
200912 93.504
201001 122.418
201002 121.187
201003 118.576
201004 17.809
201005 169.961
201006 122.841
201007 189.625
201008 146.640
201009 209.751
201010 207.141
201011 265.438
201012 228.751
201101 200.544
201102 222.355
201103 187.192
201104 130.695
201105 175.783
201106 242.401
201107 182.674
201108 189.278
201109 215.856
201110 180.602
201111 77.459
201112 146.657
201201 224.375
201202 227.768
201203 73.737
201204 92.639
201205 76.515
201206 53.345
201207 30.945
201208 27.600
201209 61.829
201210 139.336
201211 103.425
201212 106.636
201301 67.379
201302 47.161
201303 63.164
201304 48.791
201305 36.389
201306 19.077
201307 18.848
201308 15.669
201309 41.827
201310 73.163
201311 51.525
201312 74.467
201401 39.344
201402 34.642
201403 24.992
201404 33.393
201405 16.659
201406 15.944
201407 14.401
201408 16.134
201409 53.066
201410 75.970
201411 78.475
201412 70.270
201501 63.943
201502 34.566
201503 29.755
201504 28.375
