200601 117.179
200602 120.221
200603 151.471
200604 146.950
200605 135.454
200606 169.574
200607 202.954
200608 203.416
200609 150.597
200610 165.440
200611 164.164
200612 175.421
200701 182.492
200702 172.203
200703 195.746
200704 141.666
200705 131.429
200706 178.398
200707 199.096
200708 178.451
200709 163.823
200710 182.940
200711 164.965
200712 156.673
200801 170.327
200802 167.123
200803 174.374
200804 175.890
200805 164.197
200806 164.977
200807 176.236
200808 176.359
200809 176.921
200810 145.797
200811 115.880
200812 99.316
200901 141.617
200902 138.980
200903 171.801
200904 157.383
200905 126.499
200906 135.916
200907 126.558
200908 151.853
200909 196.842
200910 218.301
200911 176.819
200912 162.881
201001 137.860
201002 132.093
201003 170.278
201004 174.317
201005 175.035
201006 176.619
201007 174.916
201008 157.825
201009 165.310
201010 160.165
201011 146.364
201012 173.784
201101 186.626
201102 174.106
201103 192.558
201104 166.957
201105 169.770
201106 165.476
201107 152.022
201108 149.128
201109 165.884
201110 167.675
201111 158.601
201112 139.715
201201 152.907
201202 140.414
201203 154.672
201204 167.200
201205 118.643
201206 117.931
201207 147.905
201208 136.188
201209 136.497
201210 143.099
201211 127.835
201212 127.640
201301 175.012
201302 168.428
201303 146.672
201304 149.545
201305 185.603
201306 166.087
201307 195.601
201308 179.751
201309 194.013
201310 202.373
201311 195.856
201312 193.831
201401 140.992
201402 115.565
201403 144.264
201404 151.110
201405 163.789
201406 147.446
201407 154.912
201408 154.599
201409 147.330
201410 144.726
201411 130.891
201412 121.091
201501 178.581
201502 148.480
201503 165.586
201504 153.693
