200601 1.750.776
200602 1.571.372
200603 1.288.768
200604 923.807
200605 1.000.714
200606 1.275.609
200607 1.596.938
200608 1.513.530
200609 1.510.234
200610 1.349.005
200611 1.185.631
200612 1.211.734
200701 1.661.739
200702 1.370.356
200703 1.448.507
200704 1.559.071
200705 1.525.792
200706 1.629.392
200707 1.637.215
200708 1.596.052
200709 1.447.384
200710 1.509.828
200711 1.351.463
200712 1.517.831
200801 1.190.294
200802 1.197.090
200803 925.148
200804 885.405
200805 823.993
200806 813.210
200807 973.515
200808 862.753
200809 922.792
200810 1.225.386
200811 1.243.269
200812 1.274.200
200901 1.406.284
200902 979.794
200903 1.102.156
200904 831.256
200905 832.673
200906 870.056
200907 792.203
200908 728.635
200909 855.527
200910 884.988
200911 571.284
200912 615.816
201001 512.498
201002 488.438
201003 572.904
201004 415.118
201005 636.346
201006 509.549
201007 805.215
201008 763.886
201009 1.060.530
201010 860.145
201011 890.650
201012 935.839
201101 672.591
201102 783.526
201103 767.686
201104 612.099
201105 827.400
201106 887.924
201107 918.793
201108 1.044.766
201109 1.335.826
201110 1.285.378
201111 1.017.479
201112 871.191
201201 1.262.741
201202 1.371.143
201203 1.043.161
201204 668.489
201205 862.323
201206 1.115.939
201207 1.136.539
201208 1.086.025
201209 956.773
201210 1.134.263
201211 1.167.285
201212 1.208.144
201301 922.911
201302 814.118
201303 538.140
201304 331.474
201305 611.986
201306 714.886
201307 1.238.961
201308 1.029.124
201309 1.221.295
201310 1.366.259
201311 855.470
201312 1.381.351
201401 642.971
201402 330.446
201403 440.591
201404 418.200
201405 686.345
201406 1.281.008
201407 1.339.717
201408 1.192.329
201409 1.310.103
201410 1.257.233
201411 937.064
201412 1.081.972
201501 1.445.864
201502 938.307
201503 1.002.455
201504 832.169
