200601 24.983
200602 25.586
200603 31.159
200604 32.647
200605 31.550
200606 29.606
200607 30.615
200608 21.842
200609 29.650
200610 24.496
200611 28.506
200612 29.218
200701 25.180
200702 13.631
200703 28.910
200704 29.927
200705 29.071
200706 29.084
200707 30.934
200708 22.094
200709 30.412
200710 26.773
200711 27.251
200712 30.891
200801 21.035
200802 19.969
200803 23.494
200804 18.313
200805 21.765
200806 12.249
200807 11.391
200808 28.588
200809 20.502
200810 24.865
200811 26.478
200812 27.038
200901 29.797
200902 27.390
200903 27.192
200904 26.689
200905 19.369
200906 24.733
200907 29.575
200908 22.597
200909 26.393
200910 24.795
200911 23.341
200912 18.975
201001 25.545
201002 24.188
201003 24.444
201004 25.294
201005 24.828
201006 19.320
201007 15.108
201008 8.837
201009 10.152
201010 14.324
201011 23.494
201012 27.682
201101 25.992
201102 17.182
201103 27.990
201104 25.360
201105 18.751
201106 9.550
201107 20.136
201108 22.649
201109 21.998
201110 27.318
201111 26.134
201112 22.316
201201 27.461
201202 25.993
201203 23.898
201204 26.891
201205 26.559
201206 27.030
201207 22.096
201208 23.444
201209 24.283
201210 21.702
201211 24.178
201212 25.835
201301 23.282
201302 20.715
201303 23.140
201304 22.963
201305 24.101
201306 23.621
201307 17.911
201308 23.625
201309 23.529
201310 29.855
201311 23.556
201312 24.372
201401 24.419
201402 20.780
201403 23.476
201404 23.345
201405 22.777
201406 22.072
201407 27.641
201408 22.936
201409 23.266
201410 23.232
201411 20.964
201412 22.505
201501 22.761
201502 17.577
201503 20.099
201504 21.794
