200601 892
200602 1.257
200603 1.154
200604 978
200605 1.396
200606 1.764
200607 1.001
200608 347
200609 1.083
200610 1.788
200611 1.505
200612 752
200701 1.741
200702 800
200703 1.550
200704 1.010
200705 1.147
200706 212
200707 1.122
200708 242
200709 841
200710 407
200711 372
200712 60
200801 113
200802 416
200803 276
200804 391
200805 470
200806 223
200807 280
200808 330
200809 128
200810 591
200811 1.419
200812 300
200901 579
200902 207
200903 597
200904 317
200905 1.569
200906 324
200907 63
200908 438
200909 316
200910 58
200911 342
200912 76
201001 329
201002 305
201003 175
201004 138
201005 772
201006 643
201007 287
201008 96
201009 148
201010 426
201011 202
201012 774
201101 878
201102 200
201103 679
201104 678
201105 418
201106 429
201107 763
201108 0
201109 0
201110 129
201111 552
201112 0
201201 240
201202 621
201203 99
201204 319
201205 92
201206 540
201207 5.202
201208 0
201209 33
201210 1.488
201211 171
201212 113
201301 40
201302 33
201303 0
201304 59
201305 59
201306 0
201307 132
201308 125
201309 705
201310 105
201311 237
201312 138
201401 0
201402 125
201403 33
201404 0
201405 0
201406 66
201407 33
201408 501
201409 0
201410 0
201411 119
201412 395
201501 250
201502 955
201503 961
201504 263
