200601 17.184
200602 43.508
200603 41.689
200604 44.029
200605 44.893
200606 42.441
200607 47.162
200608 45.675
200609 47.347
200610 60.223
200611 55.584
200612 43.294
200701 49.259
200702 52.689
200703 54.689
200704 55.325
200705 56.086
200706 56.098
200707 55.373
200708 52.327
200709 49.136
200710 57.136
200711 19.298
200712 9.564
200801 20.883
200802 65.855
200803 68.494
200804 71.343
200805 79.809
200806 65.384
200807 70.589
200808 55.705
200809 58.288
200810 50.963
200811 51.397
200812 59.249
200901 60.142
200902 53.344
200903 9.414
200904 55.446
200905 57.399
200906 53.947
200907 26.462
200908 51.579
200909 54.976
200910 54.767
200911 53.636
200912 54.942
201001 85.413
201002 70.864
201003 39.087
201004 55.097
201005 87.726
201006 70.979
201007 81.899
201008 81.109
201009 77.479
201010 78.868
201011 69.010
201012 54.017
201101 68.733
201102 80.954
201103 55.097
201104 43.877
201105 39.725
201106 36.349
201107 36.606
201108 6.718
201109 6.080
201110 5.457
201111 2.253
201112 49.211
201201 81.381
201202 85.904
201203 145.638
201204 60.191
201205 115.315
201206 100.373
201207 100.790
201208 122.144
201209 120.943
201210 110.303
201211 123.118
201212 123.540
201301 125.575
201302 97.742
201303 116.053
201304 94.013
201305 84.630
201306 101.723
201307 68.391
201308 55.419
201309 69.979
201310 68.268
201311 67.634
201312 77.245
201401 68.050
201402 41.943
201403 64.521
201404 50.462
201405 63.529
201406 70.149
201407 68.435
201408 70.671
201409 67.271
201410 33.655
201411 29.866
201412 38.042
201501 60.221
201502 46.523
201503 45.141
201504 52.370
