200601 2
200602 11.551
200603 13.094
200604 13.491
200605 14.046
200606 14.145
200607 11.666
200608 15.339
200609 9.439
200610 59
200611 55
200612 15.937
200701 358
200702 14.200
200703 72
200704 42
200705 49
200706 37
200707 46
200708 5.088
200709 47
200710 43
200711 40
200712 40
200801 6.655
200802 5.529
200803 6.969
200804 6.242
200805 7.210
200806 7.186
200807 10.539
200808 7.136
200809 12.594
200810 7.773
200811 6.943
200812 5.631
200901 5.187
200902 1.860
200903 7.576
200904 7.287
200905 8.581
200906 7.404
200907 7.989
200908 7.830
200909 7.615
200910 7.799
200911 7.398
200912 12.282
201001 7.652
201002 2.453
201003 7.060
201004 3.820
201005 7.903
201006 7.683
201007 7.719
201008 10.581
201009 12.144
201010 7.915
201011 80
201012 7.912
201101 8.275
201102 9.181
201103 7.915
201104 7.553
201105 6.504
201106 11.536
201107 7.811
201108 7.666
201109 6.961
201110 6.512
201111 6.177
201112 11.097
201201 6.933
201202 3.665
201203 14.061
201204 7.783
201205 7.058
201206 8.733
201207 9.026
201208 11.356
201209 8.831
201210 10.581
201211 8.284
201212 8.191
201301 9.289
201302 5.058
201303 10.471
201304 10.054
201305 9.937
201306 9.313
201307 9.179
201308 9.152
201309 8.967
201310 9.176
201311 2.068
201312 6.362
201401 9.119
201402 8.072
201403 8.934
201404 8.669
201405 4.313
201406 8.539
201407 8.312
201408 8.784
201409 8.612
201410 8.931
201411 8.571
201412 8.778
201501 8.762
201502 7.876
201503 8.804
201504 8.533
