200601 43.061
200602 81.902
200603 87.096
200604 91.144
200605 91.884
200606 87.956
200607 90.445
200608 83.204
200609 87.519
200610 86.566
200611 85.651
200612 89.201
200701 76.538
200702 81.320
200703 85.222
200704 86.304
200705 86.353
200706 85.431
200707 87.475
200708 79.751
200709 80.437
200710 84.359
200711 46.961
200712 40.555
200801 48.686
200802 91.768
200803 99.233
200804 96.290
200805 109.254
200806 85.042
200807 92.800
200808 91.759
200809 91.512
200810 84.193
200811 86.238
200812 92.219
200901 95.706
200902 82.802
200903 44.779
200904 89.738
200905 86.918
200906 86.407
200907 64.090
200908 82.444
200909 89.300
200910 87.419
200911 84.717
200912 86.275
201001 118.939
201002 97.811
201003 70.766
201004 84.349
201005 121.230
201006 98.624
201007 105.013
201008 100.623
201009 99.923
201010 101.533
201011 92.786
201012 90.385
201101 103.878
201102 107.517
201103 91.682
201104 77.468
201105 65.398
201106 57.863
201107 65.316
201108 37.033
201109 35.039
201110 39.416
201111 35.116
201112 82.625
201201 116.015
201202 116.183
201203 183.696
201204 95.184
201205 149.024
201206 136.676
201207 137.115
201208 156.944
201209 154.090
201210 144.075
201211 155.751
201212 157.679
201301 158.186
201302 123.547
201303 149.664
201304 127.089
201305 118.727
201306 134.657
201307 95.613
201308 88.321
201309 103.180
201310 107.404
201311 93.495
201312 108.117
201401 101.588
201402 70.920
201403 96.964
201404 82.476
201405 90.619
201406 100.826
201407 104.421
201408 102.891
201409 99.149
201410 65.818
201411 59.520
201412 69.720
201501 91.994
201502 72.931
201503 75.005
201504 82.960
