200601 239.891
200602 234.487
200603 281.619
200604 245.722
200605 254.993
200606 273.011
200607 308.269
200608 283.819
200609 237.555
200610 182.125
200611 210.447
200612 266.563
200701 232.208
200702 224.380
200703 232.461
200704 276.406
200705 243.625
200706 236.582
200707 274.502
200708 287.464
200709 268.810
200710 213.320
200711 198.058
200712 270.668
200801 290.166
200802 284.897
200803 278.173
200804 224.683
200805 252.548
200806 290.714
200807 315.251
200808 318.156
200809 309.513
200810 259.646
200811 204.445
200812 185.108
200901 184.484
200902 268.951
200903 230.403
200904 254.850
200905 292.806
200906 307.692
200907 306.957
200908 315.782
200909 273.186
200910 300.967
200911 268.573
200912 293.970
201001 298.684
201002 269.971
201003 301.618
201004 291.504
201005 226.714
201006 294.558
201007 311.113
201008 307.109
201009 308.822
201010 232.511
201011 177.520
201012 205.855
201101 283.877
201102 231.775
201103 146.192
201104 191.633
201105 231.107
201106 271.143
201107 309.721
201108 312.445
201109 290.435
201110 213.156
201111 179.575
201112 249.343
201201 281.397
201202 222.725
201203 214.253
201204 191.181
201205 234.831
201206 257.570
201207 296.988
201208 291.418
201209 253.639
201210 173.280
201211 176.631
201212 182.616
201301 192.676
201302 186.853
201303 198.052
201304 193.622
201305 202.312
201306 215.479
201307 262.101
201308 234.969
201309 225.198
201310 165.187
201311 161.024
201312 194.438
201401 173.410
201402 158.699
201403 167.537
201404 179.601
201405 209.628
201406 210.427
201407 241.458
201408 248.001
201409 236.540
201410 149.031
201411 83.854
201412 177.476
201501 196.584
201502 174.357
201503 188.782
201504 70.011
