200601 139.777
200602 95.578
200603 90.041
200604 78.537
200605 116.061
200606 114.711
200607 101.014
200608 111.020
200609 124.679
200610 87.236
200611 69.394
200612 92.979
200701 117.637
200702 86.503
200703 78.997
200704 79.245
200705 84.295
200706 91.289
200707 117.684
200708 122.588
200709 109.613
200710 111.646
200711 92.297
200712 91.754
200801 101.271
200802 75.715
200803 83.222
200804 81.690
200805 99.829
200806 106.337
200807 113.914
200808 118.310
200809 91.298
200810 80.487
200811 101.238
200812 99.181
200901 102.000
200902 85.699
200903 88.371
200904 80.358
200905 75.281
200906 94.965
200907 112.195
200908 112.758
200909 92.285
200910 74.406
200911 67.932
200912 84.859
201001 92.208
201002 72.999
201003 80.602
201004 71.412
201005 104.430
201006 99.729
201007 110.873
201008 107.671
201009 94.877
201010 80.352
201011 98.302
201012 117.851
201101 91.937
201102 75.108
201103 76.294
201104 92.224
201105 113.025
201106 92.291
201107 107.639
201108 86.503
201109 77.940
201110 54.266
201111 48.220
201112 81.618
201201 84.430
201202 83.140
201203 102.658
201204 103.319
201205 94.789
201206 101.024
201207 91.284
201208 108.885
201209 90.652
201210 109.751
201211 64.611
201212 81.979
201301 83.013
201302 71.050
201303 72.578
201304 35.938
201305 49.694
201306 50.209
201307 72.297
201308 96.112
201309 68.289
201310 48.936
201311 44.506
201312 39.708
201401 61.388
201402 36.665
201403 22.256
201404 27.665
201405 32.344
201406 43.104
201407 46.889
201408 47.439
201409 45.136
201410 42.892
201411 35.677
201412 35.770
201501 24.050
201502 37.047
201503 21.645
201504 29.248
