200601 0
200602 0
200603 428
200604 1.241
200605 1.098
200606 1.123
200607 1.498
200608 1.244
200609 1.333
200610 1.612
200611 1.672
200612 1.567
200701 1.665
200702 1.302
200703 1.393
200704 1.736
200705 1.919
200706 1.867
200707 1.668
200708 1.624
200709 1.499
200710 1.847
200711 1.601
200712 0
200801 1.703
200802 680
200803 1.964
200804 1.540
200805 1.589
200806 1.545
200807 1.813
200808 1.597
200809 1.833
200810 1.446
200811 696
200812 0
200901 7
200902 7
200903 7
200904 7
200905 0
200906 0
200907 21.756
200908 71
200909 385
200910 1.803
200911 1.444
200912 1.318
201001 1.001
201002 778
201003 82
201004 0
201005 0
201006 0
201007 720
201008 707
201009 582
201010 629
201011 15.257
201012 714
201101 232
201102 2.674
201103 146.531
201104 74.483
201105 93.267
201106 93.635
201107 109.094
201108 191.278
201109 150.423
201110 148.552
201111 117.982
201112 65.727
201201 67.554
201202 65.205
201203 50.090
201204 45.025
201205 26.570
201206 18.662
201207 28.221
201208 32.824
201209 19.222
201210 29.318
201211 2.900
201212 6.960
201301 8.733
201302 22.274
201303 10.077
201304 39.142
201305 46.168
201306 44.282
201307 49.554
201308 68.297
201309 63.496
201310 112.872
201311 81.187
201312 92.553
201401 73.532
201402 84.823
201403 106.265
201404 70.168
201405 96.226
201406 91.106
201407 109.489
201408 121.530
201409 103.059
201410 106.752
201411 128.329
201412 92.127
201501 99.988
201502 90.190
201503 90.595
201504 157.428
