200601 148.447
200602 148.032
200603 100.656
200604 92.960
200605 115.975
200606 166.405
200607 296.409
200608 248.666
200609 198.798
200610 220.511
200611 120.088
200612 118.966
200701 156.458
200702 140.596
200703 179.942
200704 105.966
200705 162.522
200706 236.441
200707 256.903
200708 252.980
200709 178.961
200710 178.825
200711 177.334
200712 142.531
200801 132.050
200802 121.330
200803 143.103
200804 143.208
200805 153.155
200806 153.932
200807 248.091
200808 254.344
200809 184.694
200810 145.771
200811 157.137
200812 249.732
200901 253.601
200902 112.258
200903 166.857
200904 126.767
200905 119.122
200906 158.229
200907 265.467
200908 245.917
200909 186.339
200910 103.935
200911 72.924
200912 109.009
201001 131.408
201002 138.287
201003 118.558
201004 74.531
201005 128.908
201006 106.472
201007 239.012
201008 228.605
201009 130.801
201010 150.636
201011 115.754
201012 165.152
201101 135.968
201102 149.503
201103 105.184
201104 56.668
201105 39.321
201106 72.592
201107 134.817
201108 86.007
201109 68.378
201110 58.950
201111 48.865
201112 46.541
201201 51.215
201202 130.819
201203 50.455
201204 24.191
201205 81.847
201206 142.040
201207 184.933
201208 200.539
201209 98.338
201210 84.171
201211 75.673
201212 79.085
201301 71.328
201302 69.122
201303 73.340
201304 53.751
201305 73.593
201306 71.809
201307 112.685
201308 97.937
201309 63.455
201310 44.804
201311 40.047
201312 40.846
201401 35.881
201402 31.640
201403 43.519
201404 42.876
201405 26.419
201406 54.233
201407 67.362
201408 65.760
201409 60.188
201410 72.817
201411 41.608
201412 44.514
201501 38.381
201502 36.173
201503 52.175
201504 59.950
