200601 528.115
200602 478.097
200603 472.744
200604 418.460
200605 488.128
200606 555.250
200607 707.190
200608 644.749
200609 562.365
200610 491.484
200611 401.600
200612 480.075
200701 507.968
200702 452.781
200703 492.793
200704 463.353
200705 492.361
200706 566.178
200707 650.757
200708 664.656
200709 558.883
200710 505.638
200711 469.290
200712 504.953
200801 525.190
200802 482.622
200803 506.462
200804 451.120
200805 507.120
200806 552.528
200807 679.069
200808 692.407
200809 587.338
200810 487.350
200811 463.516
200812 534.021
200901 540.093
200902 466.915
200903 485.639
200904 461.982
200905 487.209
200906 560.886
200907 706.375
200908 674.528
200909 552.195
200910 481.111
200911 410.873
200912 489.156
201001 523.301
201002 482.035
201003 500.860
201004 437.448
201005 460.052
201006 500.759
201007 661.718
201008 644.092
201009 535.082
201010 464.128
201011 406.832
201012 489.572
201101 512.014
201102 459.060
201103 474.201
201104 415.007
201105 476.720
201106 529.661
201107 661.270
201108 676.233
201109 587.175
201110 474.923
201111 394.642
201112 443.230
201201 484.595
201202 501.889
201203 417.456
201204 363.717
201205 438.038
201206 519.297
201207 601.426
201208 633.665
201209 461.850
201210 396.519
201211 319.815
201212 350.639
201301 355.750
201302 349.299
201303 354.047
201304 322.454
201305 371.766
201306 381.779
201307 496.637
201308 497.314
201309 420.438
201310 371.799
201311 326.764
201312 367.545
201401 344.211
201402 311.827
201403 339.576
201404 320.311
201405 364.617
201406 398.869
201407 465.198
201408 482.730
201409 444.923
201410 371.492
201411 289.468
201412 349.887
201501 359.003
201502 337.767
201503 353.196
201504 316.637
