200601 1564
200602 5035
200603 5579
200604 4485
200605 4727
200606 3781
200607 5024
200608 4316
200609 4723
200610 4535
200611 5299
200612 4466
200701 5590
200702 4825
200703 5782
200704 4807
200705 5127
200706 5061
200707 3784
200708 3768
200709 3108
200710 3793
200711 3708
200712 3265
200801 5073
200802 5909
200803 5189
200804 5893
200805 5635
200806 4661
200807 4733
200808 2387
200809 5158
200810 5549
200811 5387
200812 4887
200901 5069
200902 5155
200903 3153
200904 6882
200905 7158
200906 7175
200907 7788
200908 898
200909 6962
200910 6963
200911 6798
200912 6543
201001 7638
201002 7350
201003 8410
201004 8097
201005 17012
201006 18899
201007 19252
201008 1833
201009 19057
201010 19079
201011 18430
201012 12135
201101 19212
201102 18444
201103 10055
201104 8676
201105 7814
201106 7138
201107 9155
201108 7593
201109 1850
201110 1636
201111 2068
201112 2089
201201 2106
201202 9337
201203 8911
201204 7793
201205 695
201206 2001
201207 1824
201208 6544
201209 1984
201210 2240
201211 2145
201212 1581
201301 2476
201302 2459
201303 2546
201304 2622
201305 2194
201306 2034
201307 2193
201308 41
201309 1988
201310 2341
201311 2093
201312 2040
201401 2188
201402 1435
201403 977
201404 702
201405 320
201406 326
201407 380
201408 30
201409 331
201410 358
201411 307
201412 161
201501 281
201502 296
201503 359
201504 287
