200601 354
200602 340
200603 457
200604 427
200605 371
200606 171
200607 308
200608 365
200609 194
200610 369
200611 351
200612 345
200701 441
200702 458
200703 518
200704 528
200705 536
200706 291
200707 290
200708 255
200709 303
200710 317
200711 274
200712 245
200801 564
200802 357
200803 338
200804 361
200805 383
200806 377
200807 227
200808 218
200809 291
200810 286
200811 487
200812 429
200901 539
200902 345
200903 678
200904 338
200905 253
200906 354
200907 114
200908 103
200909 192
200910 0
200911 189
200912 154
201001 201
201002 174
201003 203
201004 258
201005 120
201006 163
201007 1.964
201008 104
201009 77
201010 34
201011 74
201012 177
201101 317
201102 235
201103 0
201104 141
201105 87
201106 137
201107 82
201108 82
201109 251
201110 233
201111 0
201112 300
201201 0
201202 117
201203 80
201204 0
201205 74
201206 0
201207 137
201208 27
201209 312
201210 265
201211 0
201212 40
201301 10
201302 3
201303 9
201304 0
201305 0
201306 0
201307 114
201308 44
201309 218
201310 50
201311 64
201312 60
201401 0
201402 33
201403 90
201404 77
201405 17
201406 64
201407 64
201408 70
201409 134
201410 13
201411 131
201412 47
201501 37
201502 74
201503 33
201504 47
