200601 253.371
200602 182.911
200603 240.180
200604 278.385
200605 275.566
200606 296.281
200607 395.949
200608 279.476
200609 346.392
200610 366.284
200611 224.607
200612 175.683
200701 292.188
200702 155.505
200703 97.469
200704 202.884
200705 298.832
200706 296.081
200707 373.922
200708 294.119
200709 310.461
200710 237.492
200711 381.520
200712 440.708
200801 344.054
200802 351.071
200803 359.028
200804 437.616
200805 372.551
200806 452.991
200807 504.361
200808 509.422
200809 460.896
200810 324.356
200811 348.255
200812 102.079
200901 223.445
200902 70.352
200903 127.918
200904 257.114
200905 355.134
200906 496.890
200907 557.398
200908 560.793
200909 411.578
200910 369.186
200911 290.484
200912 377.804
201001 286.952
201002 257.820
201003 205.502
201004 277.985
201005 368.640
201006 365.513
201007 443.072
201008 437.959
201009 344.282
201010 348.071
201011 402.084
201012 287.988
201101 180.270
201102 164.035
201103 171.600
201104 111.638
201105 203.659
201106 129.137
201107 151.197
201108 109.355
201109 115.151
201110 91.685
201111 127.896
201112 98.638
201201 79.130
201202 87.468
201203 142.459
201204 107.725
201205 59.165
201206 158.905
201207 112.282
201208 126.891
201209 117.933
201210 177.466
201211 128.568
201212 137.578
201301 103.480
201302 65.314
201303 62.084
201304 97.136
201305 65.669
201306 58.209
201307 57.287
201308 71.329
201309 91.189
201310 104.237
201311 71.913
201312 136.928
201401 71.255
201402 74.355
201403 68.594
201404 55.111
201405 47.628
201406 43.677
201407 43.635
201408 63.836
201409 125.409
201410 110.404
201411 101.665
201412 102.393
201501 100.845
201502 97.533
201503 74.996
201504 83.916
