200601 21.381
200602 22.206
200603 19.008
200604 21.711
200605 21.981
200606 22.086
200607 22.297
200608 22.548
200609 20.845
200610 23.742
200611 22.846
200612 24.859
200701 23.872
200702 21.512
200703 20.907
200704 5.191
200705 5.560
200706 4.975
200707 5.302
200708 5.306
200709 3.902
200710 18.105
200711 24.324
200712 24.610
200801 23.010
200802 23.034
200803 22.469
200804 19.208
200805 22.848
200806 21.846
200807 21.688
200808 10.152
200809 18.915
200810 20.946
200811 21.670
200812 22.886
200901 23.104
200902 18.112
200903 21.499
200904 22.185
200905 5.085
200906 5.279
200907 5.390
200908 5.125
200909 11.260
200910 18.793
200911 19.311
200912 24.647
201001 23.102
201002 19.295
201003 17.887
201004 22.314
201005 18.638
201006 24.852
201007 58.557
201008 23.081
201009 19.616
201010 18.687
201011 17.477
201012 23.231
201101 22.913
201102 18.499
201103 19.137
201104 20.994
201105 23.333
201106 10.476
201107 22.819
201108 26.084
201109 19.955
201110 22.462
201111 17.279
201112 23.848
201201 17.160
201202 5.851
201203 5.207
201204 0
201205 5.399
201206 299
201207 5.271
201208 5.225
201209 21.748
201210 21.551
201211 19.370
201212 26.585
201301 19.297
201302 16.574
201303 18.906
201304 18.628
201305 21.671
201306 8.939
201307 23.225
201308 27.283
201309 24.209
201310 27.110
201311 26.229
201312 26.938
201401 17.924
201402 10.024
201403 23.629
201404 22.972
201405 27.043
201406 13.544
201407 25.986
201408 25.189
201409 19.549
201410 20.346
201411 26.243
201412 25.302
201501 10.236
201502 12.954
201503 27.239
201504 6.301
