200601 275.106
200602 205.457
200603 259.645
200604 300.523
200605 297.918
200606 318.538
200607 418.554
200608 302.389
200609 367.431
200610 390.396
200611 247.804
200612 200.887
200701 316.501
200702 177.475
200703 118.894
200704 208.603
200705 304.928
200706 301.347
200707 379.514
200708 299.680
200709 314.666
200710 255.914
200711 406.118
200712 465.563
200801 367.628
200802 374.461
200803 381.835
200804 457.185
200805 395.782
200806 475.214
200807 526.276
200808 519.792
200809 480.102
200810 345.588
200811 370.412
200812 125.394
200901 247.088
200902 88.809
200903 150.095
200904 279.637
200905 360.472
200906 502.523
200907 562.902
200908 566.022
200909 423.030
200910 387.979
200911 309.984
200912 402.604
201001 310.254
201002 277.289
201003 223.593
201004 300.558
201005 387.397
201006 390.528
201007 503.594
201008 461.145
201009 363.975
201010 366.792
201011 419.635
201012 311.396
201101 203.500
201102 182.769
201103 190.737
201104 132.773
201105 227.079
201106 139.750
201107 174.098
201108 135.521
201109 135.357
201110 114.381
201111 145.175
201112 122.786
201201 96.290
201202 93.437
201203 147.747
201204 107.725
201205 64.637
201206 159.204
201207 117.690
201208 132.143
201209 139.992
201210 199.282
201211 147.938
201212 164.203
201301 122.787
201302 81.891
201303 81.000
201304 115.764
201305 87.340
201306 67.148
201307 80.626
201308 98.656
201309 115.616
201310 131.397
201311 98.206
201312 163.926
201401 89.179
201402 84.412
201403 92.314
201404 78.160
201405 74.688
201406 57.285
201407 69.685
201408 89.096
201409 145.093
201410 130.763
201411 128.039
201412 127.742
201501 111.118
201502 110.561
201503 102.268
201504 90.263
