200601 216.003
200602 292.447
200603 340.242
200604 493.763
200605 421.765
200606 457.904
200607 511.194
200608 333.783
200609 447.044
200610 440.844
200611 422.663
200612 284.840
200701 500.133
200702 180.892
200703 393.442
200704 350.468
200705 262.858
200706 344.512
200707 414.465
200708 358.751
200709 382.433
200710 394.776
200711 251.473
200712 226.928
200801 374.053
200802 374.553
200803 145.020
200804 318.391
200805 446.668
200806 319.574
200807 313.942
200808 208.017
200809 282.243
200810 334.557
200811 340.557
200812 210.908
200901 198.592
200902 161.137
200903 112.383
200904 171.625
200905 113.368
200906 166.459
200907 102.919
200908 241.312
200909 180.079
200910 31.162
200911 252.336
200912 176.207
201001 255.702
201002 193.878
201003 184.640
201004 79.773
201005 156.020
201006 180.154
201007 41.064
201008 13.223
201009 44.549
201010 80.244
201011 48.742
201012 33.013
201101 129.177
201102 235.597
201103 29.470
201104 1.645
201105 112.714
201106 67.364
201107 316.097
201108 80.077
201109 145.726
201110 69.784
201111 60.153
201112 60.122
201201 117.673
201202 115.901
201203 101.877
201204 1.589
201205 155.026
201206 158.859
201207 119.624
201208 165.328
201209 150.567
201210 85.014
201211 1.540
201212 95.282
201301 95.324
201302 26.246
201303 1.496
201304 1.126
201305 2.566
201306 428
201307 22.143
201308 35.771
201309 23.517
201310 54.331
201311 20.750
201312 150.546
201401 14.292
201402 5.831
201403 587
201404 1.063
201405 8.093
201406 42.075
201407 2.472
201408 4.425
201409 45.584
201410 34.827
201411 20.374
201412 13.991
201501 16.355
201502 24.234
201503 6.345
201504 6.109
