200601 1.096
200602 999
200603 1.153
200604 845
200605 1.022
200606 939
200607 929
200608 429
200609 901
200610 700
200611 425
200612 321
200701 797
200702 345
200703 790
200704 511
200705 641
200706 907
200707 808
200708 209
200709 284
200710 536
200711 1.046
200712 755
200801 914
200802 999
200803 768
200804 925
200805 925
200806 531
200807 1.036
200808 644
200809 818
200810 1.067
200811 859
200812 462
200901 418
200902 440
200903 421
200904 970
200905 974
200906 1.059
200907 1.089
200908 12
200909 1.052
200910 1.059
200911 1.083
200912 982
201001 901
201002 968
201003 1.025
201004 1.026
201005 1.053
201006 1.055
201007 1.001
201008 12
201009 1.044
201010 984
201011 1.052
201012 1.001
201101 1.045
201102 1.002
201103 1.183
201104 1.065
201105 1.167
201106 1.152
201107 1.102
201108 22
201109 1.157
201110 1.050
201111 26
201112 0
201201 5
201202 5
201203 5
201204 0
201205 0
201206 0
201207 5
201208 299
201209 266
201210 279
201211 250
201212 273
201301 210
201302 277
201303 290
201304 0
201305 124
201306 0
201307 79
201308 157
201309 123
201310 6.431
201311 1.497
201312 3.187
201401 505
201402 0
201403 0
201404 0
201405 0
201406 0
201407 0
201408 0
201409 0
201410 5
201411 0
201412 5
201501 0
201502 0
201503 0
201504 0
