200601 550
200602 292
200603 244
200604 144
200605 254
200606 323
200607 363
200608 464
200609 162
200610 749
200611 418
200612 1.092
200701 524
200702 0
200703 407
200704 277
200705 150
200706 232
200707 513
200708 229
200709 429
200710 177
200711 364
200712 618
200801 231
200802 209
200803 837
200804 683
200805 548
200806 299
200807 267
200808 387
200809 429
200810 162
200811 353
200812 628
200901 1.261
200902 342
200903 527
200904 260
200905 176
200906 452
200907 363
200908 240
200909 360
200910 448
200911 571
200912 646
201001 623
201002 465
201003 605
201004 288
201005 898
201006 500
201007 398
201008 446
201009 569
201010 1.126
201011 408
201012 768
201101 558
201102 334
201103 754
201104 421
201105 229
201106 476
201107 480
201108 167
201109 169
201110 275
201111 413
201112 372
201201 401
201202 372
201203 1.517
201204 5.445
201205 370
201206 378
201207 288
201208 472
201209 546
201210 1.135
201211 1.132
201212 1.162
201301 583
201302 874
201303 0
201304 0
201305 1.972
201306 948
201307 482
201308 727
201309 342
201310 1.138
201311 1.289
201312 1.691
201401 988
201402 904
201403 134
201404 526
201405 941
201406 807
201407 509
201408 948
201409 422
201410 422
201411 653
201412 1.316
201501 198
201502 482
201503 546
201504 531
