200601 3.302
200602 3.088
200603 2.566
200604 1.815
200605 1.966
200606 2.116
200607 1.920
200608 1.948
200609 1.720
200610 2.015
200611 2.026
200612 1.755
200701 2.497
200702 1.165
200703 1.310
200704 1.033
200705 1.907
200706 1.295
200707 1.818
200708 1.205
200709 1.672
200710 1.619
200711 1.488
200712 1.410
200801 1.100
200802 1.016
200803 1.172
200804 633
200805 584
200806 601
200807 631
200808 535
200809 604
200810 1.039
200811 569
200812 552
200901 510
200902 556
200903 575
200904 1.608
200905 535
200906 586
200907 587
200908 0
200909 499
200910 540
200911 568
200912 568
201001 775
201002 740
201003 1.147
201004 1.106
201005 1.068
201006 1.118
201007 1.197
201008 0
201009 1.060
201010 1.063
201011 1.059
201012 1.021
201101 389
201102 544
201103 572
201104 842
201105 884
201106 1.100
201107 0
201108 0
201109 0
201110 0
201111 0
201112 0
201201 0
201202 0
201203 0
201204 0
201205 0
201206 1.300
201207 0
201208 0
201209 0
201210 0
201211 0
201212 0
201301 352
201302 281
201303 0
201304 0
201305 0
201306 0
201307 0
201308 0
201309 0
201310 0
201311 0
201312 0
201401 303
201402 327
201403 206
201404 0
201405 203
201406 291
201407 151
201408 109
201409 105
201410 349
201411 286
201412 293
201501 296
201502 295
201503 344
201504 273
