200601 19.590
200602 19.256
200603 20.929
200604 21.217
200605 21.072
200606 21.518
200607 20.648
200608 19.418
200609 20.519
200610 18.719
200611 13.321
200612 19.392
200701 6.812
200702 1.391
200703 18.656
200704 18.973
200705 19.251
200706 17.223
200707 16.143
200708 16.945
200709 14.417
200710 17.669
200711 17.014
200712 34.168
200801 20.608
200802 17.210
200803 7.411
200804 19.316
200805 20.272
200806 20.560
200807 20.226
200808 19.950
200809 20.218
200810 20.951
200811 20.006
200812 20.536
200901 20.190
200902 19.656
200903 4.615
200904 18.561
200905 20.215
200906 19.761
200907 19.342
200908 18.122
200909 18.669
200910 19.929
200911 18.021
200912 19.291
201001 19.036
201002 12.709
201003 3.559
201004 12.588
201005 20.650
201006 20.784
201007 19.517
201008 52.322
201009 19.276
201010 65
201011 18.685
201012 20.578
201101 22.017
201102 20.640
201103 11.080
201104 17.773
201105 17.872
201106 21.330
201107 21.805
201108 20.608
201109 20.044
201110 21.260
201111 20.211
201112 21.227
201201 20.785
201202 19.804
201203 12.705
201204 14.768
201205 21.486
201206 19.735
201207 20.708
201208 20.395
201209 21.208
201210 20.888
201211 18.375
201212 19.937
201301 20.697
201302 18.337
201303 1.239
201304 1.353
201305 20.290
201306 19.514
201307 20.509
201308 16.348
201309 10.408
201310 19.022
201311 17.359
201312 17.592
201401 18.958
201402 17.397
201403 15.696
201404 18.330
201405 19.695
201406 17.164
201407 19.762
201408 17.947
201409 17.984
201410 17.900
201411 19.353
201412 18.978
201501 19.790
201502 18.530
201503 11.772
201504 15.012
