200601 23.442
200602 22.636
200603 23.739
200604 23.176
200605 23.292
200606 23.957
200607 22.931
200608 21.830
200609 22.401
200610 21.483
200611 15.765
200612 22.239
200701 9.833
200702 2.556
200703 20.373
200704 20.283
200705 21.308
200706 18.750
200707 18.474
200708 18.379
200709 16.518
200710 19.465
200711 18.866
200712 36.196
200801 21.939
200802 18.435
200803 9.420
200804 20.632
200805 21.404
200806 21.460
200807 21.124
200808 20.872
200809 21.251
200810 22.152
200811 20.928
200812 21.716
200901 21.961
200902 20.554
200903 5.717
200904 20.429
200905 20.926
200906 20.799
200907 20.292
200908 18.362
200909 19.528
200910 20.917
200911 19.160
200912 20.505
201001 20.434
201002 13.914
201003 5.311
201004 13.982
201005 22.616
201006 22.402
201007 21.112
201008 52.768
201009 20.905
201010 2.254
201011 20.152
201012 22.367
201101 22.964
201102 21.518
201103 12.406
201104 19.036
201105 18.985
201106 22.906
201107 22.285
201108 20.775
201109 20.213
201110 21.535
201111 20.624
201112 21.599
201201 21.186
201202 20.176
201203 14.222
201204 20.213
201205 21.856
201206 21.413
201207 20.996
201208 20.867
201209 21.754
201210 22.023
201211 19.507
201212 21.099
201301 21.632
201302 19.492
201303 1.239
201304 1.353
201305 22.262
201306 20.462
201307 20.991
201308 17.075
201309 10.750
201310 20.160
201311 18.648
201312 19.283
201401 20.249
201402 18.628
201403 16.036
201404 18.856
201405 20.839
201406 18.262
201407 20.422
201408 19.004
201409 18.511
201410 18.671
201411 20.292
201412 20.587
201501 20.284
201502 19.307
201503 12.662
201504 15.816
