200601 115.699
200602 102.809
200603 21.818
200604 31.878
200605 1.015
200606 75.603
200607 160.516
200608 61.727
200609 130.789
200610 57.317
200611 5.975
200612 5.834
200701 2.718
200702 906
200703 908
200704 1.064
200705 28.962
200706 6.397
200707 4.523
200708 6.914
200709 14.956
200710 769
200711 17.437
200712 15.884
200801 402
200802 368
200803 303
200804 345
200805 357
200806 329
200807 408
200808 349
200809 366
200810 311
200811 442
200812 526
200901 509
200902 692
200903 570
200904 107
200905 12
200906 56
200907 0
200908 7
200909 0
200910 0
200911 5
200912 10
201001 0
201002 0
201003 0
201004 0
201005 0
201006 0
201007 0
201008 0
201009 0
201010 0
201011 0
201012 0
201101 0
201102 0
201103 0
201104 8.968
201105 0
201106 0
201107 0
201108 0
201109 0
201110 0
201111 0
201112 0
201201 0
201202 0
201203 0
201204 0
201205 0
201206 0
201207 0
201208 0
201209 0
201210 0
201211 0
201212 0
201301 0
201302 0
201303 0
201304 0
201305 0
201306 0
201307 0
201308 0
201309 0
201310 0
201311 0
201312 0
201401 0
201402 0
201403 0
201404 0
201405 0
201406 0
201407 0
201408 0
201409 0
201410 0
201411 0
201412 0
201501 0
201502 0
201503 0
201504 0
