200601 519.073
200602 536.389
200603 377.692
200604 403.016
200605 331.199
200606 432.928
200607 522.605
200608 331.887
200609 439.251
200610 196.001
200611 212.257
200612 349.903
200701 386.834
200702 272.961
200703 299.382
200704 318.456
200705 330.291
200706 308.207
200707 309.783
200708 250.158
200709 131.641
200710 414.318
200711 397.418
200712 339.924
200801 482.639
200802 427.200
200803 425.756
200804 413.956
200805 561.819
200806 633.039
200807 745.179
200808 776.398
200809 763.809
200810 733.261
200811 674.162
200812 656.524
200901 497.078
200902 348.486
200903 300.762
200904 463.755
200905 546.079
200906 480.286
200907 468.857
200908 458.143
200909 497.032
200910 565.735
200911 480.804
200912 567.970
201001 474.750
201002 315.716
201003 287.279
201004 224.313
201005 234.877
201006 276.740
201007 317.706
201008 254.731
201009 290.275
201010 319.036
201011 397.591
201012 319.587
201101 372.453
201102 276.577
201103 369.521
201104 303.454
201105 470.969
201106 397.762
201107 341.982
201108 207.581
201109 291.652
201110 277.599
201111 275.845
201112 310.288
201201 242.468
201202 207.987
201203 237.491
201204 116.399
201205 115.998
201206 111.226
201207 122.663
201208 127.926
201209 142.042
201210 234.876
201211 269.444
201212 165.673
201301 141.313
201302 158.035
201303 160.338
201304 153.882
201305 187.927
201306 162.569
201307 139.998
201308 77.452
201309 136.652
201310 216.247
201311 203.002
201312 132.655
201401 149.696
201402 123.301
201403 112.851
201404 117.213
201405 141.979
201406 132.012
201407 121.988
201408 84.094
201409 154.347
201410 210.332
201411 167.634
201412 135.632
201501 136.384
201502 148.250
201503 166.554
201504 107.526
