200601 23.074
200602 20.320
200603 22.057
200604 15.570
200605 17.031
200606 18.455
200607 6.583
200608 17.908
200609 19.419
200610 21.466
200611 19.896
200612 12.528
200701 20.890
200702 20.536
200703 774
200704 22.491
200705 14.098
200706 907
200707 14.247
200708 21.800
200709 18.224
200710 19.194
200711 21.877
200712 20.957
200801 15.258
200802 21.590
200803 18.698
200804 20.773
200805 19.385
200806 15.872
200807 18.248
200808 20.364
200809 18.970
200810 16.838
200811 20.157
200812 19.910
200901 17.125
200902 19.550
200903 22.262
200904 17.548
200905 15.772
200906 24.219
200907 33.031
200908 15.328
200909 30.389
200910 31.021
200911 28.955
200912 18.184
201001 616
201002 749
201003 703
201004 823
201005 15.102
201006 864
201007 1.127
201008 299
201009 0
201010 387
201011 702
201012 193
201101 472
201102 737
201103 848
201104 795
201105 651
201106 18.615
201107 1.884
201108 170
201109 253
201110 36.289
201111 33.974
201112 30.122
201201 33.813
201202 23.804
201203 28.948
201204 31.743
201205 9.296
201206 474
201207 17.986
201208 23.731
201209 23.553
201210 23.201
201211 22.021
201212 21.483
201301 21.918
201302 19.781
201303 31.259
201304 26.682
201305 28.640
201306 28.577
201307 29.853
201308 28.754
201309 29.398
201310 31.449
201311 25.732
201312 29.589
201401 29.783
201402 27.534
201403 27.709
201404 14.417
201405 24.410
201406 26.093
201407 27.770
201408 31.388
201409 31.259
201410 28.723
201411 20.781
201412 30.476
201501 30.563
201502 16.327
201503 24.164
201504 23.064
