200601 657.846
200602 659.518
200603 421.567
200604 450.464
200605 349.245
200606 526.986
200607 689.704
200608 411.522
200609 589.459
200610 274.784
200611 238.128
200612 368.265
200701 410.442
200702 294.403
200703 301.064
200704 342.011
200705 373.351
200706 315.511
200707 328.553
200708 278.872
200709 164.821
200710 434.281
200711 436.732
200712 376.765
200801 498.299
200802 449.158
200803 444.757
200804 435.074
200805 581.561
200806 649.240
200807 763.835
200808 797.111
200809 783.145
200810 750.410
200811 694.761
200812 676.960
200901 514.712
200902 368.728
200903 323.594
200904 481.410
200905 561.863
200906 504.561
200907 501.888
200908 473.478
200909 527.421
200910 596.756
200911 509.764
200912 586.163
201001 475.366
201002 316.465
201003 287.982
201004 225.136
201005 249.979
201006 277.604
201007 318.833
201008 255.030
201009 290.275
201010 319.423
201011 398.293
201012 319.780
201101 372.925
201102 277.314
201103 370.369
201104 313.217
201105 471.620
201106 416.377
201107 343.866
201108 207.751
201109 291.905
201110 313.888
201111 309.819
201112 340.410
201201 276.281
201202 231.791
201203 266.439
201204 148.142
201205 125.294
201206 111.700
201207 140.649
201208 151.657
201209 165.595
201210 258.077
201211 291.465
201212 187.156
201301 163.231
201302 177.816
201303 191.597
201304 180.564
201305 216.567
201306 191.146
201307 169.851
201308 106.206
201309 166.050
201310 247.696
201311 228.734
201312 162.244
201401 179.479
201402 150.835
201403 140.560
201404 131.630
201405 166.389
201406 158.105
201407 149.758
201408 115.482
201409 185.606
201410 239.055
201411 188.415
201412 166.108
201501 166.947
201502 164.577
201503 190.718
201504 130.590
