200601 239891
200602 234487
200603 281619
200604 245722
200605 254993
200606 273011
200607 308269
200608 283819
200609 237555
200610 182125
200611 210447
200612 266563
200701 232208
200702 224380
200703 232461
200704 276406
200705 243625
200706 236582
200707 274502
200708 287464
200709 268810
200710 213320
200711 198058
200712 270668
200801 290166
200802 284897
200803 278173
200804 224683
200805 252548
200806 290714
200807 315251
200808 318156
200809 309513
200810 259646
200811 204445
200812 185108
200901 184484
200902 268951
200903 230403
200904 254850
200905 292806
200906 307692
200907 306957
200908 315782
200909 273186
200910 300967
200911 268573
200912 293970
201001 298684
201002 269971
201003 301618
201004 291504
201005 226714
201006 294558
201007 311113
201008 307109
201009 308822
201010 232511
201011 177520
201012 205855
201101 283877
201102 231775
201103 146192
201104 191633
201105 231107
201106 271143
201107 309721
201108 312445
201109 290435
201110 213156
201111 179575
201112 249343
201201 281397
201202 222725
201203 214253
201204 191181
201205 234831
201206 257570
201207 296988
201208 291418
201209 253639
201210 173280
201211 176631
201212 182616
201301 192676
201302 186853
201303 198052
201304 193622
201305 202312
201306 215479
201307 262101
201308 234969
201309 225198
201310 165187
201311 161024
201312 194438
201401 173410
201402 158699
201403 167537
201404 179601
201405 209628
201406 210427
201407 241458
201408 248001
201409 236540
201410 149031
201411 83854
201412 177476
201501 196584
201502 174357
201503 188782
201504 70011
