200601 0
200602 0
200603 428
200604 1241
200605 1098
200606 1123
200607 1498
200608 1244
200609 1333
200610 1612
200611 1672
200612 1567
200701 1665
200702 1302
200703 1393
200704 1736
200705 1919
200706 1867
200707 1668
200708 1624
200709 1499
200710 1847
200711 1601
200712 0
200801 1703
200802 680
200803 1964
200804 1540
200805 1589
200806 1545
200807 1813
200808 1597
200809 1833
200810 1446
200811 696
200812 0
200901 7
200902 7
200903 7
200904 7
200905 0
200906 0
200907 21756
200908 71
200909 385
200910 1803
200911 1444
200912 1318
201001 1001
201002 778
201003 82
201004 0
201005 0
201006 0
201007 720
201008 707
201009 582
201010 629
201011 15257
201012 714
201101 232
201102 2674
201103 146531
201104 74483
201105 93267
201106 93635
201107 109094
201108 191278
201109 150423
201110 148552
201111 117982
201112 65727
201201 67554
201202 65205
201203 50090
201204 45025
201205 26570
201206 18662
201207 28221
201208 32824
201209 19222
201210 29318
201211 2900
201212 6960
201301 8733
201302 22274
201303 10077
201304 39142
201305 46168
201306 44282
201307 49554
201308 68297
201309 63496
201310 112872
201311 81187
201312 92553
201401 73532
201402 84823
201403 106265
201404 70168
201405 96226
201406 91106
201407 109489
201408 121530
201409 103059
201410 106752
201411 128329
201412 92127
201501 99988
201502 90190
201503 90595
201504 157428
