200601 148447
200602 148032
200603 100656
200604 92960
200605 115975
200606 166405
200607 296409
200608 248666
200609 198798
200610 220511
200611 120088
200612 118966
200701 156458
200702 140596
200703 179942
200704 105966
200705 162522
200706 236441
200707 256903
200708 252980
200709 178961
200710 178825
200711 177334
200712 142531
200801 132050
200802 121330
200803 143103
200804 143208
200805 153155
200806 153932
200807 248091
200808 254344
200809 184694
200810 145771
200811 157137
200812 249732
200901 253601
200902 112258
200903 166857
200904 126767
200905 119122
200906 158229
200907 265467
200908 245917
200909 186339
200910 103935
200911 72924
200912 109009
201001 131408
201002 138287
201003 118558
201004 74531
201005 128908
201006 106472
201007 239012
201008 228605
201009 130801
201010 150636
201011 115754
201012 165152
201101 135968
201102 149503
201103 105184
201104 56668
201105 39321
201106 72592
201107 134817
201108 86007
201109 68378
201110 58950
201111 48865
201112 46541
201201 51215
201202 130819
201203 50455
201204 24191
201205 81847
201206 142040
201207 184933
201208 200539
201209 98338
201210 84171
201211 75673
201212 79085
201301 71328
201302 69122
201303 73340
201304 53751
201305 73593
201306 71809
201307 112685
201308 97937
201309 63455
201310 44804
201311 40047
201312 40846
201401 35881
201402 31640
201403 43519
201404 42876
201405 26419
201406 54233
201407 67362
201408 65760
201409 60188
201410 72817
201411 41608
201412 44514
201501 38381
201502 36173
201503 52175
201504 59950
