200601 528115
200602 478097
200603 472744
200604 418460
200605 488128
200606 555250
200607 707190
200608 644749
200609 562365
200610 491484
200611 401600
200612 480075
200701 507968
200702 452781
200703 492793
200704 463353
200705 492361
200706 566178
200707 650757
200708 664656
200709 558883
200710 505638
200711 469290
200712 504953
200801 525190
200802 482622
200803 506462
200804 451120
200805 507120
200806 552528
200807 679069
200808 692407
200809 587338
200810 487350
200811 463516
200812 534021
200901 540093
200902 466915
200903 485639
200904 461982
200905 487209
200906 560886
200907 706375
200908 674528
200909 552195
200910 481111
200911 410873
200912 489156
201001 523301
201002 482035
201003 500860
201004 437448
201005 460052
201006 500759
201007 661718
201008 644092
201009 535082
201010 464128
201011 406832
201012 489572
201101 512014
201102 459060
201103 474201
201104 415007
201105 476720
201106 529661
201107 661270
201108 676233
201109 587175
201110 474923
201111 394642
201112 443230
201201 484595
201202 501889
201203 417456
201204 363717
201205 438038
201206 519297
201207 601426
201208 633665
201209 461850
201210 396519
201211 319815
201212 350639
201301 355750
201302 349299
201303 354047
201304 322454
201305 371766
201306 381779
201307 496637
201308 497314
201309 420438
201310 371799
201311 326764
201312 367545
201401 344211
201402 311827
201403 339576
201404 320311
201405 364617
201406 398869
201407 465198
201408 482730
201409 444923
201410 371492
201411 289468
201412 349887
201501 359003
201502 337767
201503 353196
201504 316637
