200601 39.367
200602 24.717
200603 14.864
200604 45.455
200605 11.707
200606 71.441
200607 131.908
200608 73.654
200609 104.885
200610 81.524
200611 35.010
200612 3.224
200701 0
200702 0
200703 1.014
200704 0
200705 0
200706 12.681
200707 25.300
200708 54.389
200709 16.611
200710 4.791
200711 58.600
200712 40.839
200801 47.670
200802 76
200803 15.205
200804 27.669
200805 0
200806 1.262
200807 7.405
200808 0
200809 1.167
200810 0
200811 16.578
200812 0
200901 0
200902 0
200903 0
200904 0
200905 0
200906 4.886
200907 0
200908 0
200909 0
200910 0
200911 0
200912 2.439
201001 25.818
201002 30.405
201003 23.081
201004 0
201005 0
201006 0
201007 0
201008 0
201009 0
201010 0
201011 0
201012 0
201101 0
201102 0
201103 0
201104 0
201105 0
201106 0
201107 0
201108 0
201109 0
201110 0
201111 0
201112 0
201201 0
201202 0
201203 0
201204 0
201205 0
201206 0
201207 0
201208 0
201209 0
201210 0
201211 0
201212 0
201301 0
201302 0
201303 0
201304 0
201305 0
201306 0
201307 0
201308 0
201309 0
201310 0
201311 0
201312 0
201401 0
201402 0
201403 0
201404 0
201405 0
201406 0
201407 0
201408 0
201409 0
201410 0
201411 0
201412 0
201501 0
201502 0
201503 0
201504 0
