200601 358.255
200602 382.603
200603 214.356
200604 254.266
200605 168.538
200606 235.685
200607 430.454
200608 277.395
200609 278.218
200610 164.486
200611 224.933
200612 342.273
200701 410.171
200702 355.712
200703 386.128
200704 372.887
200705 297.832
200706 470.592
200707 373.469
200708 344.372
200709 429.588
200710 446.197
200711 415.779
200712 413.235
200801 294.770
200802 416.301
200803 396.258
200804 378.809
200805 364.078
200806 396.352
200807 395.636
200808 384.531
200809 374.758
200810 393.964
200811 378.843
200812 338.630
200901 375.844
200902 343.239
200903 301.463
200904 189.781
200905 147.554
200906 362.796
200907 393.602
200908 382.523
200909 292.023
200910 245.892
200911 273.159
200912 290.745
201001 197.821
201002 192.094
201003 199.159
201004 208.608
201005 197.299
201006 217.814
201007 370.058
201008 365.003
201009 349.373
201010 253.768
201011 310.285
201012 302.379
201101 309.926
201102 318.101
201103 383.046
201104 265.677
201105 295.142
201106 274.268
201107 308.284
201108 280.662
201109 301.380
201110 222.418
201111 209.427
201112 300.396
201201 349.399
201202 319.831
201203 190.027
201204 189.279
201205 216.937
201206 243.427
201207 246.796
201208 193.323
201209 178.333
201210 202.684
201211 203.971
201212 199.267
201301 187.171
201302 127.002
201303 81.247
201304 14.628
201305 48.697
201306 24.516
201307 109.539
201308 132.820
201309 120.067
201310 116.405
201311 94.308
201312 194.286
201401 103.018
201402 30.643
201403 72.051
201404 109.348
201405 70.342
201406 125.006
201407 39.146
201408 132.121
201409 179.736
201410 117.924
201411 52.178
201412 94.533
201501 122.105
201502 119.395
201503 91.530
201504 76.646
