200601 284
200602 199
200603 125
200604 239
200605 96
200606 230
200607 126
200608 212
200609 98
200610 225
200611 288
200612 61
200701 0
200702 0
200703 36
200704 0
200705 0
200706 353
200707 311
200708 490
200709 127
200710 129
200711 529
200712 448
200801 578
200802 12
200803 82
200804 194
200805 0
200806 58
200807 39
200808 0
200809 3
200810 0
200811 0
200812 0
200901 948
200902 448
200903 211
200904 464
200905 694
200906 870
200907 628
200908 954
200909 1.266
200910 691
200911 544
200912 22
201001 0
201002 0
201003 0
201004 0
201005 0
201006 0
201007 0
201008 0
201009 0
201010 0
201011 0
201012 0
201101 0
201102 0
201103 0
201104 0
201105 0
201106 0
201107 0
201108 0
201109 0
201110 0
201111 0
201112 0
201201 0
201202 0
201203 0
201204 0
201205 0
201206 0
201207 283
201208 0
201209 0
201210 0
201211 165
201212 236
201301 382
201302 0
201303 191
201304 287
201305 408
201306 141
201307 267
201308 271
201309 2
201310 38
201311 0
201312 0
201401 0
201402 0
201403 0
201404 0
201405 0
201406 0
201407 0
201408 0
201409 0
201410 0
201411 0
201412 0
201501 0
201502 0
201503 0
201504 0
