200601 397.906
200602 407.519
200603 229.345
200604 299.960
200605 180.341
200606 307.356
200607 562.488
200608 351.261
200609 383.201
200610 246.235
200611 260.231
200612 345.558
200701 410.171
200702 355.712
200703 387.178
200704 372.887
200705 297.832
200706 483.626
200707 399.080
200708 399.251
200709 446.326
200710 451.117
200711 474.908
200712 454.522
200801 343.018
200802 416.389
200803 411.545
200804 406.672
200805 364.078
200806 397.672
200807 403.080
200808 384.531
200809 375.928
200810 393.964
200811 395.421
200812 338.630
200901 376.792
200902 343.687
200903 301.674
200904 190.245
200905 148.248
200906 368.552
200907 394.230
200908 383.477
200909 293.289
200910 246.583
200911 273.703
200912 293.207
201001 223.639
201002 222.499
201003 222.240
201004 208.608
201005 197.299
201006 217.814
201007 370.058
201008 365.003
201009 349.373
201010 253.768
201011 310.285
201012 302.379
201101 309.926
201102 318.101
201103 383.046
201104 265.677
201105 295.142
201106 274.268
201107 308.284
201108 280.662
201109 301.380
201110 222.418
201111 209.427
201112 300.396
201201 349.399
201202 319.831
201203 190.027
201204 189.279
201205 216.937
201206 243.427
201207 247.079
201208 193.323
201209 178.333
201210 202.684
201211 204.136
201212 199.503
201301 187.553
201302 127.002
201303 81.438
201304 14.915
201305 49.105
201306 24.657
201307 109.806
201308 133.091
201309 120.069
201310 116.443
201311 94.308
201312 194.286
201401 103.018
201402 30.643
201403 72.051
201404 109.348
201405 70.342
201406 125.006
201407 39.146
201408 132.121
201409 179.736
201410 117.924
201411 52.178
201412 94.533
201501 122.105
201502 119.395
201503 91.530
201504 76.646
