200601 17.737
200602 16.507
200603 17.296
200604 11.074
200605 15.921
200606 16.322
200607 16.210
200608 9.500
200609 15.839
200610 14.924
200611 16.515
200612 14.841
200701 18.278
200702 16.917
200703 14.616
200704 14.354
200705 15.935
200706 18.127
200707 14.988
200708 10.703
200709 18.333
200710 23.387
200711 21.670
200712 22.096
200801 23.854
200802 21.341
200803 24.506
200804 24.273
200805 16.760
200806 18.260
200807 20.916
200808 17.957
200809 22.804
200810 20.553
200811 17.004
200812 22.112
200901 23.162
200902 19.568
200903 11.216
200904 16.957
200905 21.217
200906 21.521
200907 19.298
200908 17.518
200909 19.276
200910 20.517
200911 19.152
200912 22.401
201001 20.082
201002 15.364
201003 17.492
201004 14.042
201005 13.397
201006 12.887
201007 13.456
201008 4.090
201009 14.196
201010 11.559
201011 11.833
201012 11.953
201101 11.810
201102 11.694
201103 12.538
201104 10.296
201105 11.785
201106 11.829
201107 11.477
201108 182
201109 786
201110 10.552
201111 11.238
201112 10.533
201201 12.973
201202 12.997
201203 11.981
201204 10.042
201205 12.645
201206 13.307
201207 20.635
201208 9.038
201209 12.037
201210 16.182
201211 15.861
201212 14.494
201301 16.045
201302 14.777
201303 10.262
201304 11.787
201305 15.478
201306 16.108
201307 15.990
201308 0
201309 14.513
201310 16.021
201311 14.008
201312 13.568
201401 14.601
201402 14.125
201403 11.940
201404 14.148
201405 15.068
201406 12.553
201407 21.925
201408 12.116
201409 19.795
201410 4.316
201411 3.744
201412 3.885
201501 3.326
201502 11.268
201503 32.998
201504 12.271
