200601 152.214
200602 124.907
200603 113.283
200604 54.162
200605 66.065
200606 94.144
200607 123.659
200608 69.589
200609 99.881
200610 14.567
200611 8.134
200612 15.950
200701 105.001
200702 87.276
200703 116.419
200704 146.564
200705 125.638
200706 110.705
200707 140.045
200708 142.745
200709 161.653
200710 105.537
200711 81.328
200712 106.156
200801 27.403
200802 21.578
200803 53.900
200804 34.311
200805 35.197
200806 46.431
200807 27.756
200808 26.833
200809 65.877
200810 107.519
200811 40.815
200812 41.003
200901 23.426
200902 22.777
200903 39.973
200904 33.057
200905 9.053
200906 57.616
200907 35.875
200908 53.385
200909 39.420
200910 38.620
200911 44.336
200912 66.268
201001 40.175
201002 32.520
201003 24.420
201004 22.130
201005 41.902
201006 43.007
201007 27.241
201008 37.368
201009 113.555
201010 68.097
201011 53.935
201012 68.900
201101 49.392
201102 40.346
201103 0
201104 0
201105 17.512
201106 49.302
201107 45.466
201108 41.785
201109 61.209
201110 56.611
201111 29.144
201112 43.598
201201 65.734
201202 128.828
201203 45.075
201204 19.787
201205 11.219
201206 92.725
201207 101.848
201208 96.438
201209 79.157
201210 122.355
201211 93.149
201212 87.883
201301 16.383
201302 11.257
201303 0
201304 0
201305 8.301
201306 34.158
201307 61.792
201308 26.990
201309 44.187
201310 21.566
201311 671
201312 37.328
201401 3.760
201402 0
201403 0
201404 0
201405 34.642
201406 33.765
201407 138.620
201408 32.939
201409 40.938
201410 1.127
201411 33.761
201412 36.266
201501 51.502
201502 20.921
201503 35.271
201504 23.277
