200601 39.409
200602 79.464
200603 36.424
200604 33.286
200605 45.253
200606 28.475
200607 43.356
200608 24.520
200609 31.207
200610 42.087
200611 33.836
200612 71.997
200701 54.735
200702 39.141
200703 31.280
200704 46.680
200705 50.624
200706 26.933
200707 75.668
200708 62.574
200709 52.166
200710 61.358
200711 44.060
200712 64.900
200801 107.166
200802 83.132
200803 24.983
200804 68.577
200805 78.203
200806 41.707
200807 45.889
200808 84.269
200809 39.456
200810 59.466
200811 35.126
200812 54.268
200901 60.469
200902 57.086
200903 37.622
200904 52.516
200905 58.604
200906 40.179
200907 52.082
200908 45.536
200909 61.203
200910 60.646
200911 77.313
200912 94.223
201001 94.843
201002 76.351
201003 56.914
201004 90.344
201005 61.647
201006 44.393
201007 70.198
201008 58.614
201009 88.287
201010 75.040
201011 73.834
201012 99.365
201101 57.190
201102 71.066
201103 40.291
201104 61.970
201105 131.626
201106 74.210
201107 71.308
201108 75.618
201109 79.124
201110 83.881
201111 86.892
201112 73.729
201201 68.126
201202 72.031
201203 70.045
201204 74.926
201205 84.653
201206 108.466
201207 82.440
201208 43.651
201209 96.587
201210 71.918
201211 80.112
201212 72.755
201301 63.010
201302 53.177
201303 56.142
201304 41.676
201305 95.438
201306 69.802
201307 53.859
201308 55.202
201309 73.957
201310 69.295
201311 72.677
201312 76.040
201401 72.746
201402 50.103
201403 49.016
201404 45.752
201405 64.822
201406 86.320
201407 61.826
201408 41.955
201409 68.179
201410 81.089
201411 68.205
201412 88.718
201501 76.824
201502 67.841
201503 44.603
201504 55.889
