200601 146.596
200602 51.627
200603 149.967
200604 160.833
200605 91.760
200606 148.105
200607 102.794
200608 99.139
200609 152.799
200610 54.555
200611 16.725
200612 52.545
200701 66.045
200702 139.389
200703 173.136
200704 105.675
200705 125.947
200706 33.468
200707 100.095
200708 110.704
200709 137.471
200710 40.870
200711 30.687
200712 32.426
200801 27.860
200802 25.616
200803 31.678
200804 17.515
200805 107.567
200806 170.502
200807 100.423
200808 101.956
200809 120.719
200810 139.921
200811 158.858
200812 139.930
200901 88.088
200902 78.188
200903 177.329
200904 120.765
200905 36.737
200906 126.261
200907 116.228
200908 145.179
200909 129.113
200910 72.227
200911 113.563
200912 93.458
201001 74.085
201002 68.078
201003 4.604
201004 65.836
201005 139.961
201006 155.129
201007 102.944
201008 86.078
201009 102.510
201010 101.511
201011 138.802
201012 107.454
201101 155.510
201102 73.606
201103 8.853
201104 6.207
201105 51.977
201106 123.861
201107 118.626
201108 107.891
201109 99.650
201110 69.382
201111 86.200
201112 124.176
201201 136.059
201202 87.435
201203 121.215
201204 42.569
201205 4.468
201206 19.854
201207 30.926
201208 124.163
201209 52.770
201210 69.844
201211 90.949
201212 64.870
201301 13.499
201302 13.104
201303 14.326
201304 13.633
201305 23.685
201306 78.765
201307 152.929
201308 52.930
201309 95.660
201310 49.083
201311 2.935
201312 88.032
201401 12.545
201402 4.214
201403 5.141
201404 5.115
201405 91.799
201406 98.685
201407 20.051
201408 79.808
201409 102.698
201410 2.710
201411 89.184
201412 104.451
201501 127.692
201502 56.885
201503 89.923
201504 84.571
