200601 5.100
200602 8.227
200603 8.371
200604 7.541
200605 7.247
200606 4.792
200607 7.250
200608 6.463
200609 5.786
200610 8.969
200611 9.292
200612 8.587
200701 9.874
200702 10.890
200703 9.682
200704 5.741
200705 8.925
200706 5.875
200707 2.963
200708 3.165
200709 3.279
200710 6.413
200711 3.185
200712 2.855
200801 5.930
200802 6.349
200803 6.386
200804 8.923
200805 8.022
200806 5.697
200807 7.543
200808 2.864
200809 7.925
200810 8.613
200811 6.390
200812 5.459
200901 5.574
200902 5.866
200903 5.780
200904 5.932
200905 3.232
200906 4.549
200907 5.957
200908 2.310
200909 5.716
200910 6.139
200911 6.382
200912 5.577
201001 5.885
201002 6.162
201003 6.653
201004 8.290
201005 5.929
201006 6.129
201007 5.744
201008 3.373
201009 4.299
201010 2.874
201011 593
201012 5.360
201101 4.586
201102 6.091
201103 6.722
201104 5.695
201105 6.120
201106 5.431
201107 5.051
201108 2.861
201109 4.757
201110 5.245
201111 5.396
201112 5.238
201201 6.380
201202 6.056
201203 6.722
201204 8.055
201205 7.740
201206 5.678
201207 5.849
201208 4.073
201209 6.386
201210 6.057
201211 6.114
201212 5.198
201301 6.019
201302 5.682
201303 5.084
201304 5.290
201305 5.667
201306 4.528
201307 8.123
201308 2.182
201309 7.005
201310 7.650
201311 5.241
201312 4.735
201401 5.019
201402 3.487
201403 3.562
201404 4.808
201405 4.943
201406 5.510
201407 2.828
201408 713
201409 3.702
201410 3.736
201411 4.841
201412 5.171
201501 2.369
201502 1.562
201503 1.027
201504 1.362
