200601 5.662
200602 8.234
200603 9.104
200604 8.071
200605 7.615
200606 5.482
200607 7.884
200608 7.058
200609 6.591
200610 9.624
200611 10.161
200612 9.266
200701 10.670
200702 11.664
200703 10.557
200704 6.465
200705 9.654
200706 7.235
200707 4.665
200708 3.627
200709 4.675
200710 8.026
200711 3.717
200712 2.901
200801 5.942
200802 6.349
200803 6.409
200804 8.977
200805 8.022
200806 5.697
200807 7.543
200808 2.864
200809 7.925
200810 8.613
200811 6.390
200812 5.459
200901 5.574
200902 5.866
200903 5.780
200904 7.082
200905 5.012
200906 7.873
200907 7.573
200908 2.310
200909 5.716
200910 6.139
200911 6.382
200912 5.577
201001 5.885
201002 6.162
201003 6.653
201004 8.290
201005 5.929
201006 6.129
201007 5.744
201008 3.373
201009 4.299
201010 2.874
201011 593
201012 5.360
201101 4.628
201102 6.121
201103 6.778
201104 5.746
201105 6.167
201106 5.470
201107 5.103
201108 2.861
201109 4.757
201110 5.314
201111 5.448
201112 5.304
201201 6.432
201202 6.118
201203 6.811
201204 8.134
201205 7.808
201206 5.740
201207 5.849
201208 4.073
201209 6.386
201210 6.103
201211 6.163
201212 5.270
201301 6.101
201302 5.754
201303 5.153
201304 5.362
201305 5.753
201306 4.604
201307 8.186
201308 2.214
201309 7.064
201310 7.716
201311 5.287
201312 4.780
201401 5.083
201402 3.557
201403 3.650
201404 4.872
201405 5.013
201406 5.599
201407 2.909
201408 791
201409 3.803
201410 3.811
201411 4.927
201412 5.246
201501 2.438
201502 1.630
201503 1.054
201504 1.449
