
1.2.5 PRODUCCION BRUTA Y DISPONIBLE POR PROVINCIAS. DATOS MENSUALES                                JUNIO      2013
      CENTRALES DE 1.000 kW O MAS
                                                PRODUCCION BRUTA EXPRESADA EN MWh            
                                 -------------------------------------------------------------------
                 PROVINCIA       HIDROELECT.    EOLICA    ENERG페 SOLAR *  TERMOELECT.      TOTAL
                 --------------- ----------- -----------  ---------------  ----------- -------------
                 ALAVA                12.960      24.198            1.968       30.131        69.257
                 ALBACETE             30.236     265.167           62.872        9.824       368.099
                 ALICANTE                  0           0           22.812        4.604        27.416
                 ALMERIA                   0      64.612           16.218      311.763       392.593
                 AVILA                 6.206      33.103           12.979            0        52.288
                 BADAJOZ              41.699           0          266.085        5.046       312.830
                 BALEARES                  0         377           13.783      381.779       395.939
                 BARCELONA            21.805      36.558           16.549      481.998       556.910
                 BURGOS                7.299     305.919            5.316       53.596       372.130
                 CACERES             251.285           0           91.720    1.377.789     1.720.794
                 CADIZ                     0     295.196           58.503      392.373       746.072
                 CASTELLON            10.557      79.960            9.345      191.146       291.008
                 CIUDAD REAL               0      22.378          138.213      198.833       359.424
                 CORDOBA              18.757           0          121.711       65.973       206.441
                 LA CORU헤            50.010     273.177              237      824.095     1.147.519
                 CUENCA               20.329      93.270           43.374        6.833       163.806
                 GIRONA               32.829           0            3.750       51.726        88.305
                 GRANADA              33.356      60.971           75.674       42.364       212.365
                 GUADALAJARA          15.557      69.446            6.738      133.606       225.347
                 GUIPUZCOA             2.867           1            1.196       60.254        64.318
                 HUELVA                    0      50.559                0      189.881       240.440
                 HUESCA              392.407      50.838            7.096       55.557       505.898
                 JAEN                 22.827       1.100           17.486       92.829       134.242
                 LEON                 73.703      57.938            9.169      447.650       588.460
                 LLEIDA              546.184      52.034           27.800       71.347       697.365
                 LA RIOJA             19.886      75.629           14.904          428       110.847
                 LUGO                104.595     319.848            1.015        1.735       427.193
                 MADRID               15.654           0           10.972       91.902       118.528
                 MALAGA               37.986     130.182            9.881      191.444       369.493
                 MURCIA               10.204      23.992           95.017      289.131       418.344
                 NAVARRA              54.656     232.015           33.401       67.148       387.220
                 ORENSE              286.121      42.312              368       19.909       348.710
                 ASTURIAS            144.699      69.856                0      714.886       929.441
                 PALENCIA             21.087     134.790            5.442      134.112       295.431
                 LAS PALMAS                0      35.450            8.683      352.734       396.867
                 PONTEVEDRA            7.595      88.086              603       20.462       116.746
                 SALAMANCA           224.039      29.593           12.040       17.696       283.368
                 S.C.TENERIFE              0      15.074           19.153      288.994       323.221
                 CANTABRIA            78.968       3.073              255      134.657       216.953
                 SEGOVIA                 927       4.777            5.009       12.116        22.829
                 SEVILLA              14.324      34.094          146.427       12.717       207.562
                 SORIA                 3.302     171.091            3.774       40.097       218.264
                 TARRAGONA           150.332     107.762            8.729    2.441.217     2.708.040
                 TERUEL                2.172      21.862            5.883      348.477       378.394
                 TOLEDO                9.448      12.489           36.416       24.657        83.010
                 VALENCIA            117.048      53.390           28.483    1.012.965     1.211.886
                 VALLADOLID            9.300      30.087           27.655       36.577       103.619
                 VIZCAYA              21.502      12.320              566      375.007       409.395
                 ZAMORA              137.327      86.465           17.206        1.827       242.825
                 ZARAGOZA            187.196     308.711           22.784      216.013       734.704
                 CEUTA                     0           0                0       17.278        17.278
                 MELILLA                   0           0                0       16.887        16.887
                                 ----------- -----------  ---------------  ----------- -------------
                 T O T A L         3.249.241   3.879.750        1.545.260   12.362.070    21.036.321


1.2.5 PRODUCCION BRUTA Y DISPONIBLE POR PROVINCIAS. DATOS MENSUALES                                JUNIO      2013
      CENTRALES DE 1.000 kW O MAS
                PRODUCCION BRUTA                             PRODUCCION DISPONIBLE EXPRESADA EN MWh
                ----------------              -------------------------------------------------------------------
PROVINCIA          TOTAL (MWh)      BOMBEO     HIDROELECT.   EOLICA    ENERG페 SOLAR *  TERMOELECT.      TOTAL
--------------- ---------------- -----------  -----------  ----------- ---------------  ----------- -------------
ALAVA                     69.257           0       12.881       24.198           1.909       28.817        67.805
ALBACETE                 368.099           0       30.117      262.307          60.986        9.381       362.791
ALICANTE                  27.416           0            0            0          22.128        4.306        26.434
ALMERIA                  392.593           0            0       62.922          15.731      298.424       377.077
AVILA                     52.288           0        6.076       32.586          12.590            0        51.252
BADAJOZ                  312.830           0       40.673            0         258.102        4.780       303.555
BALEARES                 395.939           0            0          366          13.369      350.882       364.617
BARCELONA                556.910           0       21.626       35.530          16.053      460.138       533.347
BURGOS                   372.130           0        7.259      301.248           5.157       50.946       364.610
CACERES                1.720.794       1.456      247.221            0          88.969    1.325.645     1.661.835
CADIZ                    746.072           0            0      291.581          56.848      377.064       725.493
CASTELLON                291.008           0       10.490       79.960           9.065      184.006       283.521
CIUDAD REAL              359.424           0            0       22.092         134.066      177.402       333.560
CORDOBA                  206.441           0       18.481            0         118.059       58.895       195.435
LA CORU헤              1.147.519           0       49.232      270.401             230      781.781     1.101.644
CUENCA                   163.806           0       20.113       92.684          42.073        6.574       161.444
GIRONA                    88.305           0       32.400            0           3.638       49.751        85.789
GRANADA                  212.365           0       33.080       60.362          73.404       41.051       207.897
GUADALAJARA              225.347      38.249      -23.043       68.439           6.536      122.353       174.285
GUIPUZCOA                 64.318           0        2.853            1           1.160       57.757        61.771
HUELVA                   240.440           0            0       50.331               0      182.643       232.974
HUESCA                   505.898      16.678      374.040       50.342           6.883       52.426       483.691
JAEN                     134.242           0       22.405        1.042          16.961       88.979       129.387
LEON                     588.460           0       72.300       57.108           8.894      409.734       548.036
LLEIDA                   697.365      19.995      519.494       50.934          26.966       68.490       665.884
LA RIOJA                 110.847           0       19.825       74.436          14.457          413       109.131
LUGO                     427.193           0      103.192      316.516             985        1.587       422.280
MADRID                   118.528           0       15.503            0          10.643       84.440       110.586
MALAGA                   369.493      17.068       20.189      129.610           9.585      187.063       346.447
MURCIA                   418.344           0       10.163       23.627          92.167      280.534       406.491
NAVARRA                  387.220           0       54.549      229.866          32.399       63.433       380.247
ORENSE                   348.710      28.725      253.782       42.247             357       19.102       315.488
ASTURIAS                 929.441           0      142.425       68.960               0      663.059       874.444
PALENCIA                 295.431           0       20.959      132.955           5.279      126.148       285.341
LAS PALMAS               396.867           0            0       34.728           8.423      334.054       377.205
PONTEVEDRA               116.746           0        7.416       86.643             585       19.742       114.386
SALAMANCA                283.368      81.268      140.689       28.934          11.679       17.449       198.751
S.C.TENERIFE             323.221           0            0       15.048          18.578      273.713       307.339
CANTABRIA                216.953           0       78.550        3.021             247      127.632       209.450
SEGOVIA                   22.829           0          870        4.755           4.859       11.176        21.660
SEVILLA                  207.562       9.295        4.376       33.599         142.040       12.062       192.077
SORIA                    218.264           0        3.277      168.572           3.661       37.540       213.050
TARRAGONA              2.708.040           0      148.317      106.133           8.467    2.345.433     2.608.350
TERUEL                   378.394           0        2.118       21.696           5.707      315.432       344.953
TOLEDO                    83.010           0        9.286       11.284          35.324       21.821        77.715
VALENCIA               1.211.886     114.926          430       52.823          27.629      974.477     1.055.359
VALLADOLID               103.619           0        9.237       29.329          26.825       34.779       100.170
VIZCAYA                  409.395           0       21.361       12.075             549      368.182       402.167
ZAMORA                   242.825           0      136.249       84.955          16.690        1.730       239.624
ZARAGOZA                 734.704           0      185.230      303.346          22.100      208.680       719.356
CEUTA                     17.278           0            0            0               0       15.763        15.763
MELILLA                   16.887           0            0            0               0       15.756        15.756
                ---------------- -----------  -----------  ----------- ---------------  ----------- -------------
T O T A L             21.036.321     327.660    2.885.691    3.829.592       1.499.012   11.753.425    19.967.720

(*) - Incluye energ眼 de origen fotovoltaico y de origen termosolar.
