
1.2.5 PRODUCCION BRUTA Y DISPONIBLE POR PROVINCIAS. DATOS MENSUALES                                MAYO       2010
      CENTRALES DE 1.000 kW O MAS
                                                PRODUCCION BRUTA EXPRESADA EN MWh            
                                 -------------------------------------------------------------------
                 PROVINCIA       HIDROELECT.    EOLICA    ENERG페 SOLAR *  TERMOELECT.      TOTAL
                 --------------- ----------- -----------  ---------------  ----------- -------------
                 ALAVA                17.439      25.207            1.412       34.331        78.389
                 ALBACETE             25.424     360.544           56.423       17.108       459.499
                 ALICANTE                310           0           16.742        5.929        22.981
                 ALMERIA                   0      79.441           11.521      179.331       270.293
                 AVILA                10.468      30.894            8.776            0        50.138
                 BADAJOZ              19.972           0           59.586        4.346        83.904
                 BALEARES                  0         873            9.016      460.052       469.941
                 BARCELONA            30.614      43.246            8.989      639.224       722.073
                 BURGOS                9.937     237.577            3.077      296.161       546.752
                 CACERES             265.672           0           35.462    1.477.434     1.778.568
                 CADIZ                   146     210.471           11.289      607.591       829.497
                 CASTELLON            17.200     140.304            6.699      249.979       414.182
                 CIUDAD REAL               0      34.045           34.107      256.907       325.059
                 CORDOBA              14.346           0           29.436       32.982        76.764
                 LA CORU헤            68.749     168.089              247      604.200       841.285
                 CUENCA               26.617     129.825           38.154       24.336       218.932
                 GIRONA               31.535           0            3.090       25.310        59.935
                 GRANADA              29.098      61.810           17.136       42.471       150.515
                 GUADALAJARA          15.191     111.211            4.535      379.939       510.876
                 GUIPUZCOA             4.136           0              541      113.662       118.339
                 HUELVA                1.696      39.265           10.471      583.394       634.826
                 HUESCA              399.012      72.558            3.135       57.392       532.097
                 JAEN                 18.960       2.382           13.055       52.335        86.732
                 LEON                108.294      57.861            3.510       11.935       181.600
                 LLEIDA              473.841      23.189           14.338       71.108       582.476
                 LA RIOJA             21.284      94.757           13.339      157.073       286.453
                 LUGO                125.751     235.060              477        2.259       363.547
                 MADRID               18.634           0            4.199      101.893       124.726
                 MALAGA               32.271      79.924            7.768      204.755       324.718
                 MURCIA                8.125      24.702           60.913      710.734       804.474
                 NAVARRA              42.262     255.125           25.587      387.397       710.371
                 ORENSE              397.014      55.797              267       18.083       471.161
                 ASTURIAS            189.766      45.614               58      636.346       871.784
                 PALENCIA             29.276      67.002            4.388        4.266       104.932
                 LAS PALMAS                0      25.500            4.576      392.057       422.133
                 PONTEVEDRA           19.712      84.536              521       22.616       127.385
                 SALAMANCA           637.493       8.163            9.139            0       654.795
                 S.C.TENERIFE              0       8.758           12.408      316.854       338.020
                 CANTABRIA            62.752       2.435              220      121.230       186.637
                 SEGOVIA               1.456       7.498            4.294       12.699        25.947
                 SEVILLA              18.021      60.255           34.846       25.335       138.457
                 SORIA                 3.926     154.702            3.192       40.305       202.125
                 TARRAGONA           103.102      95.771            6.156    2.223.499     2.428.528
                 TERUEL                2.926      25.120            4.870       97.655       130.571
                 TOLEDO               25.529      14.591           31.427      197.299       268.846
                 VALENCIA            116.348      50.327           15.895    1.398.978     1.581.548
                 VALLADOLID           11.406      15.049           14.715       45.483        86.653
                 VIZCAYA               5.447      16.487              490      198.672       221.096
                 ZAMORA              312.068      80.710           12.971        1.894       407.643
                 ZARAGOZA            106.898     356.528           14.830      193.518       671.774
                 CEUTA                     0           0                0       18.636        18.636
                 MELILLA                   0           0                0       16.819        16.819
                                 ----------- -----------  ---------------  ----------- -------------
                 T O T A L         3.880.124   3.693.203          688.293   13.773.812    22.035.432


1.2.5 PRODUCCION BRUTA Y DISPONIBLE POR PROVINCIAS. DATOS MENSUALES                                MAYO       2010
      CENTRALES DE 1.000 kW O MAS
                PRODUCCION BRUTA                             PRODUCCION DISPONIBLE EXPRESADA EN MWh
                ----------------              -------------------------------------------------------------------
PROVINCIA          TOTAL (MWh)      BOMBEO     HIDROELECT.   EOLICA    ENERG페 SOLAR *  TERMOELECT.      TOTAL
--------------- ---------------- -----------  -----------  ----------- ---------------  ----------- -------------
ALAVA                     78.389           0       17.398       25.207           1.398       33.087        77.090
ALBACETE                 459.499           0       25.258      358.675          55.864       16.396       456.193
ALICANTE                  22.981           0          127            0          16.576        5.690        22.393
ALMERIA                  270.293           0            0       77.361          11.407      166.173       254.941
AVILA                     50.138           0       10.320       30.428           8.689            0        49.437
BADAJOZ                   83.904           0       19.484            0          58.996        3.971        82.451
BALEARES                 469.941           0            0          847           8.927      426.581       436.355
BARCELONA                722.073           0       30.269       42.159           8.900      611.689       693.017
BURGOS                   546.752           0        9.898      233.327           3.047      284.220       530.492
CACERES                1.778.568       6.671      256.999            0          35.111    1.425.762     1.717.872
CADIZ                    829.497           0          146      207.478          11.177      589.807       808.608
CASTELLON                414.182           0       17.103      139.755           6.633      242.717       406.208
CIUDAD REAL              325.059           0            0       33.560          33.769      227.062       294.391
CORDOBA                   76.764           0       14.096            0          29.145       29.929        73.170
LA CORU헤                841.285           0       67.663      164.530             245      579.961       812.399
CUENCA                   218.932           0       26.383      129.443          37.776       23.389       216.991
GIRONA                    59.935           0       31.087            0           3.059       24.322        58.468
GRANADA                  150.515           0       28.801       61.359          16.966       41.166       148.292
GUADALAJARA              510.876      46.300      -31.328      110.022           4.490      355.096       438.280
GUIPUZCOA                118.339           0        4.075            0             536      108.309       112.920
HUELVA                   634.826           0        1.696       39.265          10.367      568.442       619.770
HUESCA                   532.097      21.177      375.972       71.374           3.104       54.381       504.831
JAEN                      86.732           0       18.678        2.311          12.926       50.078        83.993
LEON                     181.600           0      106.441       56.773           3.475       11.076       177.765
LLEIDA                   582.476      30.504      437.165       22.986          14.196       68.710       543.057
LA RIOJA                 286.453           0       21.243       93.257          13.207      152.688       280.395
LUGO                     363.547           0      124.376      231.737             472        2.196       358.781
MADRID                   124.726           0       18.432            0           4.157       93.264       115.853
MALAGA                   324.718      16.497       15.045       79.050           7.691      200.602       302.388
MURCIA                   804.474           0        8.086       24.702          60.310      683.964       777.062
NAVARRA                  710.371           0       42.238      253.178          25.334      378.835       699.585
ORENSE                   471.161      18.137      373.590       55.734             264       17.313       446.901
ASTURIAS                 871.784           0      186.773       44.772              57      597.435       829.037
PALENCIA                 104.932           0       29.099       66.565           4.345        4.202       104.211
LAS PALMAS               422.133           0            0       24.735           4.531      369.766       399.032
PONTEVEDRA               127.385           0       19.462       83.553             516       21.788       125.319
SALAMANCA                654.795      30.518      602.816        8.101           9.049            0       619.966
S.C.TENERIFE             338.020           0            0        8.495          12.285      297.711       318.491
CANTABRIA                186.637      42.938       19.085        2.398             218      114.958       136.659
SEGOVIA                   25.947           0        1.368        7.498           4.251       11.728        24.845
SEVILLA                  138.457      11.303        6.214       58.645          34.501       24.284       123.644
SORIA                    202.125           0        3.914      152.000           3.160       38.364       197.438
TARRAGONA              2.428.528           0      101.913       93.098           6.095    2.133.237     2.334.343
TERUEL                   130.571           0        2.909       24.459           4.822       96.391       128.581
TOLEDO                   268.846           0       25.087       14.331          31.116      190.807       261.341
VALENCIA               1.581.548      85.787       28.999       50.327          15.738    1.355.242     1.450.306
VALLADOLID                86.653           0       11.344       14.598          14.569       43.562        84.073
VIZCAYA                  221.096           0        5.383       16.198             485      193.495       215.561
ZAMORA                   407.643           0      310.307       79.390          12.843        1.771       404.311
ZARAGOZA                 671.774           0      105.725      349.317          14.683      190.137       659.862
CEUTA                     18.636           0            0            0               0       16.988        16.988
MELILLA                   16.819           0            0            0               0       15.720        15.720
                ---------------- -----------  -----------  ----------- ---------------  ----------- -------------
T O T A L             22.035.432     309.832    3.531.139    3.642.998         681.478   13.194.462    21.050.077

(*) - Incluye energ眼 de origen fotovoltaico y de origen termosolar.
