200601 13
200602 1.738
200603 312
200604 0
200605 0
200606 0
200607 0
200608 0
200609 0
200610 99
200611 0
200612 0
200701 322
200702 0
200703 0
200704 0
200705 0
200706 0
200707 0
200708 0
200709 0
200710 34
200711 0
200712 0
200801 1.643
200802 1.012
200803 0
200804 0
200805 0
200806 0
200807 0
200808 0
200809 0
200810 34
200811 2.879
200812 5.481
200901 2.520
200902 2.278
200903 5.996
200904 1.529
200905 0
200906 0
200907 0
200908 0
200909 0
200910 0
200911 20
200912 0
201001 0
201002 0
201003 159
201004 687
201005 0
201006 0
201007 0
201008 0
201009 0
201010 66
201011 0
201012 0
201101 0
201102 0
201103 0
201104 0
201105 0
201106 0
201107 0
201108 0
201109 42
201110 0
201111 0
201112 0
201201 0
201202 0
201203 0
201204 0
201205 0
201206 0
201207 0
201208 0
201209 32
201210 0
201211 0
201212 0
201301 0
201302 0
201303 0
201304 0
201305 0
201306 0
201307 0
201308 0
201309 0
201310 66
201311 0
201312 13
201401 0
201402 0
201403 0
201404 0
201405 0
201406 0
201407 0
201408 0
201409 53
201410 0
201411 0
201412 0
201501 0
201502 0
201503 0
201504 0
