200601 6.130
200602 3.909
200603 2.605
200604 0
200605 1.965
200606 0
200607 0
200608 0
200609 1.338
200610 4.688
200611 7.865
200612 7.565
200701 5.468
200702 112
200703 0
200704 0
200705 0
200706 0
200707 0
200708 0
200709 0
200710 1.382
200711 6.140
200712 6.415
200801 4.737
200802 1.129
200803 0
200804 0
200805 0
200806 0
200807 0
200808 0
200809 0
200810 2.813
200811 2.805
200812 0
200901 0
200902 1.233
200903 1.387
200904 1.268
200905 1.431
200906 2.308
200907 2.566
200908 2.198
200909 2.000
200910 1.781
200911 9.395
200912 11.030
201001 9.398
201002 9.354
201003 2.224
201004 5.581
201005 1.894
201006 2.021
201007 2.022
201008 0
201009 1.913
201010 6.069
201011 9.819
201012 10.150
201101 9.083
201102 7.830
201103 1.941
201104 1.823
201105 1.947
201106 1.961
201107 1.903
201108 0
201109 1.513
201110 9.158
201111 10.855
201112 11.148
201201 11.330
201202 4.361
201203 2.142
201204 1.826
201205 1.993
201206 1.684
201207 1.723
201208 0
201209 1.213
201210 9.701
201211 9.494
201212 10.760
201301 9.814
201302 9.206
201303 3.188
201304 3.109
201305 4.818
201306 1.827
201307 2.131
201308 0
201309 1.958
201310 2.118
201311 7.086
201312 9.211
201401 8.786
201402 1.168
201403 1.299
201404 470
201405 1.782
201406 1.692
201407 2.021
201408 7
201409 2.041
201410 5.486
201411 10.532
201412 10.899
201501 8.710
201502 1.080
201503 993
201504 1.128
