200601 18.125
200602 16.256
200603 17.135
200604 15.486
200605 16.678
200606 16.644
200607 17.623
200608 17.858
200609 17.370
200610 17.592
200611 17.141
200612 18.212
200701 18.035
200702 16.013
200703 16.555
200704 15.334
200705 16.164
200706 16.767
200707 18.011
200708 17.840
200709 17.098
200710 17.693
200711 17.199
200712 18.199
200801 18.524
200802 17.609
200803 17.213
200804 16.803
200805 17.275
200806 17.101
200807 18.642
200808 18.648
200809 18.042
200810 17.763
200811 18.029
200812 20.052
200901 20.078
200902 17.970
200903 18.505
200904 16.613
200905 17.511
200906 18.672
200907 20.356
200908 19.938
200909 19.359
200910 19.652
200911 18.372
200912 19.726
201001 17.803
201002 18.092
201003 18.748
201004 17.168
201005 18.020
201006 19.155
201007 20.949
201008 21.885
201009 20.438
201010 19.945
201011 19.030
201012 18.628
201101 17.821
201102 16.235
201103 17.465
201104 15.993
201105 16.945
201106 18.611
201107 19.831
201108 19.639
201109 17.901
201110 19.029
201111 17.876
201112 19.093
201201 19.800
201202 18.986
201203 18.852
201204 17.944
201205 18.648
201206 18.812
201207 19.130
201208 19.932
201209 18.480
201210 18.882
201211 18.585
201212 18.922
201301 19.063
201302 16.645
201303 16.574
201304 15.632
201305 16.691
201306 16.795
201307 19.166
201308 20.342
201309 18.598
201310 18.208
201311 18.633
201312 19.703
201401 20.061
201402 18.391
201403 18.876
201404 15.910
201405 18.314
201406 18.582
201407 19.573
201408 19.936
201409 19.825
201410 19.529
201411 18.511
201412 19.493
201501 19.883
201502 17.003
201503 17.035
201504 16.128
