200601 417
200602 513
200603 502
200604 266
200605 316
200606 0
200607 297
200608 209
200609 145
200610 209
200611 8
200612 352
200701 150
200702 221
200703 227
200704 317
200705 192
200706 232
200707 204
200708 256
200709 316
200710 249
200711 272
200712 398
200801 683
200802 363
200803 253
200804 250
200805 225
200806 326
200807 215
200808 250
200809 194
200810 244
200811 319
200812 371
200901 346
200902 321
200903 257
200904 257
200905 260
200906 294
200907 338
200908 344
200909 295
200910 225
200911 318
200912 308
201001 2.700
201002 972
201003 427
201004 753
201005 616
201006 348
201007 313
201008 310
201009 287
201010 266
201011 503
201012 382
201101 514
201102 473
201103 548
201104 463
201105 802
201106 463
201107 602
201108 544
201109 375
201110 404
201111 484
201112 383
201201 438
201202 687
201203 474
201204 396
201205 564
201206 368
201207 371
201208 425
201209 321
201210 556
201211 408
201212 473
201301 453
201302 378
201303 390
201304 407
201305 570
201306 483
201307 332
201308 290
201309 285
201310 285
201311 378
201312 339
201401 319
201402 273
201403 386
201404 271
201405 334
201406 273
201407 358
201408 352
201409 341
201410 330
201411 394
201412 432
201501 434
201502 683
201503 383
201504 360
