200601 18.542
200602 16.769
200603 17.637
200604 15.752
200605 16.994
200606 16.644
200607 17.920
200608 18.067
200609 17.515
200610 17.801
200611 17.149
200612 18.564
200701 18.185
200702 16.234
200703 16.782
200704 15.651
200705 16.356
200706 16.999
200707 18.215
200708 18.096
200709 17.414
200710 17.942
200711 17.471
200712 18.597
200801 19.207
200802 17.972
200803 17.466
200804 17.053
200805 17.500
200806 17.427
200807 18.857
200808 18.898
200809 18.236
200810 18.007
200811 18.348
200812 20.423
200901 20.424
200902 18.291
200903 18.762
200904 16.870
200905 17.771
200906 18.966
200907 20.694
200908 20.282
200909 19.654
200910 19.877
200911 18.690
200912 20.034
201001 20.503
201002 19.064
201003 19.175
201004 17.921
201005 18.636
201006 19.503
201007 21.262
201008 22.195
201009 20.725
201010 20.211
201011 19.533
201012 19.010
201101 18.335
201102 16.708
201103 18.013
201104 16.456
201105 17.747
201106 19.074
201107 20.433
201108 20.183
201109 18.276
201110 19.433
201111 18.360
201112 19.476
201201 20.238
201202 19.673
201203 19.326
201204 18.340
201205 19.212
201206 19.180
201207 19.501
201208 20.357
201209 18.801
201210 19.438
201211 18.993
201212 19.395
201301 19.516
201302 17.023
201303 16.964
201304 16.039
201305 17.261
201306 17.278
201307 19.498
201308 20.632
201309 18.883
201310 18.493
201311 19.011
201312 20.042
201401 20.380
201402 18.664
201403 19.262
201404 16.181
201405 18.648
201406 18.855
201407 19.931
201408 20.288
201409 20.166
201410 19.859
201411 18.905
201412 19.925
201501 20.317
201502 17.686
201503 17.418
201504 16.488
