200601 5100
200602 8227
200603 8371
200604 7541
200605 7247
200606 4792
200607 7250
200608 6463
200609 5786
200610 8969
200611 9292
200612 8587
200701 9874
200702 10890
200703 9682
200704 5741
200705 8925
200706 5875
200707 2963
200708 3165
200709 3279
200710 6413
200711 3185
200712 2855
200801 5930
200802 6349
200803 6386
200804 8923
200805 8022
200806 5697
200807 7543
200808 2864
200809 7925
200810 8613
200811 6390
200812 5459
200901 5574
200902 5866
200903 5780
200904 5932
200905 3232
200906 4549
200907 5957
200908 2310
200909 5716
200910 6139
200911 6382
200912 5577
201001 5885
201002 6162
201003 6653
201004 8290
201005 5929
201006 6129
201007 5744
201008 3373
201009 4299
201010 2874
201011 593
201012 5360
201101 4586
201102 6091
201103 6722
201104 5695
201105 6120
201106 5431
201107 5051
201108 2861
201109 4757
201110 5245
201111 5396
201112 5238
201201 6380
201202 6056
201203 6722
201204 8055
201205 7740
201206 5678
201207 5849
201208 4073
201209 6386
201210 6057
201211 6114
201212 5198
201301 6019
201302 5682
201303 5084
201304 5290
201305 5667
201306 4528
201307 8123
201308 2182
201309 7005
201310 7650
201311 5241
201312 4735
201401 5019
201402 3487
201403 3562
201404 4808
201405 4943
201406 5510
201407 2828
201408 713
201409 3702
201410 3736
201411 4841
201412 5171
201501 2369
201502 1562
201503 1027
201504 1362
