200601 580
200602 739
200603 32.539
200604 31.861
200605 31.029
200606 28.795
200607 28.260
200608 25.532
200609 55.516
200610 61.057
200611 40.811
200612 72.034
200701 42.264
200702 32.080
200703 32.207
200704 37.423
200705 38.033
200706 34.178
200707 33.487
200708 29.797
200709 36.499
200710 33.046
200711 39.219
200712 40.827
200801 41.976
200802 37.533
200803 41.290
200804 39.049
200805 36.538
200806 37.097
200807 37.190
200808 25.179
200809 25.799
200810 39.796
200811 39.324
200812 31.025
200901 6.171
200902 6.861
200903 6.756
200904 7.006
200905 12.035
200906 30.707
200907 32.441
200908 30.182
200909 35.482
200910 37.885
200911 35.781
200912 39.285
201001 40.504
201002 37.676
201003 37.679
201004 31.858
201005 32.456
201006 29.464
201007 25.820
201008 23.693
201009 27.130
201010 31.678
201011 32.262
201012 19.030
201101 32.456
201102 29.778
201103 32.449
201104 30.281
201105 25.614
201106 29.348
201107 30.337
201108 26.305
201109 28.543
201110 31.004
201111 30.467
201112 33.321
201201 33.272
201202 28.359
201203 32.157
201204 32.263
201205 28.985
201206 28.711
201207 29.553
201208 26.252
201209 29.517
201210 38.540
201211 37.284
201212 36.821
201301 31.831
201302 21.684
201303 31.953
201304 31.617
201305 32.520
201306 30.131
201307 29.689
201308 25.974
201309 30.398
201310 26.714
201311 31.884
201312 33.577
201401 32.071
201402 9.671
201403 16.774
201404 17.942
201405 29.529
201406 26.554
201407 29.968
201408 23.613
201409 29.292
201410 30.381
201411 22.928
201412 24.451
201501 31.487
201502 26.111
201503 33.006
201504 29.215
