200601 0
200602 903
200603 1.046
200604 717
200605 877
200606 877
200607 960
200608 1.086
200609 1.010
200610 1.068
200611 1.074
200612 1.055
200701 1.004
200702 854
200703 0
200704 1.011
200705 90
200706 179
200707 115
200708 837
200709 399
200710 154
200711 0
200712 0
200801 0
200802 0
200803 0
200804 0
200805 0
200806 106
200807 283
200808 0
200809 0
200810 0
200811 0
200812 230
200901 247
200902 976
200903 2.415
200904 2.561
200905 2.123
200906 2.231
200907 2.669
200908 0
200909 2.382
200910 2.485
200911 2.217
200912 2.174
201001 2.130
201002 1.705
201003 2.307
201004 1.862
201005 1.875
201006 2.011
201007 2.031
201008 0
201009 2.091
201010 1.861
201011 2.257
201012 2.263
201101 1.984
201102 2.181
201103 0
201104 1.923
201105 0
201106 1.391
201107 1.417
201108 0
201109 0
201110 0
201111 1.842
201112 1.892
201201 0
201202 0
201203 2.362
201204 0
201205 0
201206 2.131
201207 2.234
201208 0
201209 2.001
201210 2.210
201211 0
201212 1.510
201301 1.761
201302 1.740
201303 1.848
201304 0
201305 0
201306 0
201307 1.950
201308 0
201309 2.089
201310 2.273
201311 1.889
201312 1.799
201401 1.607
201402 1.236
201403 155
201404 0
201405 813
201406 1.539
201407 1.461
201408 1.286
201409 1.736
201410 2.208
201411 1.409
201412 1.885
201501 1.721
201502 1.874
201503 2.285
201504 0
