200601 1.588
200602 1.642
200603 33.585
200604 32.578
200605 31.906
200606 29.672
200607 29.220
200608 26.618
200609 56.526
200610 62.125
200611 41.885
200612 73.089
200701 43.268
200702 32.934
200703 32.207
200704 38.434
200705 38.123
200706 34.357
200707 33.602
200708 30.634
200709 36.898
200710 33.200
200711 39.219
200712 40.827
200801 41.976
200802 37.533
200803 41.290
200804 39.049
200805 36.538
200806 37.203
200807 37.473
200808 25.179
200809 25.799
200810 39.796
200811 39.324
200812 31.255
200901 6.418
200902 7.837
200903 9.171
200904 9.567
200905 14.158
200906 32.938
200907 35.110
200908 30.182
200909 37.864
200910 40.370
200911 37.998
200912 41.459
201001 42.634
201002 39.381
201003 39.986
201004 33.720
201005 34.331
201006 31.475
201007 27.851
201008 23.693
201009 29.221
201010 33.539
201011 34.519
201012 21.293
201101 34.440
201102 31.959
201103 32.449
201104 32.204
201105 25.614
201106 30.739
201107 31.754
201108 26.305
201109 28.543
201110 31.004
201111 32.309
201112 35.213
201201 33.272
201202 28.359
201203 34.519
201204 32.263
201205 28.985
201206 30.842
201207 31.787
201208 26.252
201209 31.518
201210 40.750
201211 37.284
201212 38.331
201301 33.592
201302 23.424
201303 33.801
201304 31.617
201305 32.520
201306 30.131
201307 31.639
201308 25.974
201309 32.487
201310 28.987
201311 33.773
201312 35.376
201401 33.678
201402 10.907
201403 16.929
201404 17.942
201405 30.342
201406 28.093
201407 31.429
201408 24.899
201409 31.028
201410 32.589
201411 24.337
201412 26.336
201501 33.208
201502 27.985
201503 35.291
201504 29.215
