200601 52596
200602 30406
200603 2798
200604 1322
200605 1633
200606 2367
200607 2971
200608 2922
200609 1959
200610 1515
200611 2272
200612 1665
200701 4584
200702 2300
200703 2612
200704 1650
200705 2293
200706 1207
200707 921
200708 518
200709 168
200710 1047
200711 21
200712 349
200801 1307
200802 461
200803 366
200804 0
200805 0
200806 0
200807 397
200808 142
200809 226
200810 229
200811 328
200812 132
200901 0
200902 367
200903 494
200904 293
200905 0
200906 0
200907 262
200908 393
200909 8
200910 106
200911 240
200912 69
201001 1400
201002 155
201003 195
201004 249
201005 309
201006 7
201007 75
201008 73
201009 68
201010 265
201011 222
201012 128
201101 0
201102 0
201103 0
201104 0
201105 0
201106 0
201107 0
201108 0
201109 0
201110 0
201111 0
201112 631
201201 0
201202 0
201203 0
201204 0
201205 1416
201206 2611
201207 0
201208 0
201209 0
201210 0
201211 0
201212 0
201301 0
201302 0
201303 0
201304 0
201305 0
201306 0
201307 7748
201308 0
201309 6882
201310 7614
201311 6489
201312 6246
201401 6929
201402 5955
201403 4214
201404 3193
201405 6126
201406 8621
201407 8893
201408 8841
201409 8566
201410 2058
201411 13698
201412 13833
201501 2547
201502 2285
201503 0
201504 0
