200601 24302
200602 19388
200603 22215
200604 22020
200605 20986
200606 19090
200607 19987
200608 19140
200609 18335
200610 7696
200611 21758
200612 23909
200701 21967
200702 22464
200703 20651
200704 38776
200705 38130
200706 23864
200707 23649
200708 14285
200709 19139
200710 24429
200711 22001
200712 25509
200801 9767
200802 21064
200803 26137
200804 22428
200805 22706
200806 23737
200807 24344
200808 13720
200809 21952
200810 24865
200811 23478
200812 22795
200901 26823
200902 19792
200903 26312
200904 25082
200905 25889
200906 25493
200907 24335
200908 14639
200909 23644
200910 26891
200911 24131
200912 27238
201001 23484
201002 20977
201003 9400
201004 22996
201005 25099
201006 26056
201007 26134
201008 12026
201009 13444
201010 26387
201011 26377
201012 6805
201101 25240
201102 22197
201103 21688
201104 24618
201105 11871
201106 8136
201107 26509
201108 15579
201109 10257
201110 17412
201111 21498
201112 16092
201201 17224
201202 25528
201203 25811
201204 27862
201205 23399
201206 30002
201207 31248
201208 15394
201209 19549
201210 24024
201211 33306
201212 34339
201301 34075
201302 13758
201303 32885
201304 29542
201305 28900
201306 29079
201307 32562
201308 24993
201309 24791
201310 27693
201311 25816
201312 25894
201401 24555
201402 13610
201403 29178
201404 30178
201405 27416
201406 15861
201407 22337
201408 24492
201409 24592
201410 27713
201411 29258
201412 31733
201501 32151
201502 29993
201503 27535
201504 21515
