200601 5.028
200602 4.636
200603 4.732
200604 3.337
200605 3.664
200606 3.511
200607 3.740
200608 2.372
200609 3.417
200610 3.085
200611 2.698
200612 3.393
200701 4.305
200702 3.643
200703 3.871
200704 636
200705 2.188
200706 4.538
200707 4.332
200708 3.820
200709 4.758
200710 4.645
200711 4.206
200712 4.410
200801 4.347
200802 3.664
200803 3.578
200804 3.928
200805 3.701
200806 4.330
200807 3.747
200808 3.222
200809 4.183
200810 4.161
200811 3.138
200812 4.428
200901 4.458
200902 4.560
200903 4.836
200904 4.614
200905 4.795
200906 4.057
200907 3.836
200908 1.491
200909 3.720
200910 3.900
200911 4.476
200912 4.729
201001 4.611
201002 4.633
201003 4.812
201004 4.731
201005 4.346
201006 4.604
201007 4.917
201008 2.808
201009 4.787
201010 2.961
201011 4.901
201012 4.754
201101 6.500
201102 5.820
201103 6.129
201104 4.420
201105 4.835
201106 4.557
201107 4.740
201108 2.340
201109 4.689
201110 4.583
201111 4.976
201112 4.825
201201 4.143
201202 4.298
201203 5.293
201204 5.279
201205 5.538
201206 5.206
201207 4.879
201208 2.211
201209 4.640
201210 4.582
201211 4.629
201212 3.868
201301 4.548
201302 3.991
201303 5.623
201304 5.224
201305 4.383
201306 5.046
201307 5.183
201308 1.996
201309 4.418
201310 2.877
201311 4.182
201312 4.564
201401 5.149
201402 3.195
201403 1.865
201404 888
201405 3.086
201406 2.487
201407 2.765
201408 878
201409 1.694
201410 3.340
201411 2.916
201412 3.102
201501 15.673
201502 15.669
201503 16.722
201504 2.180
