
1.2.5 PRODUCCION BRUTA Y DISPONIBLE POR PROVINCIAS. DATOS MENSUALES                                FEBRERO    2015
      CENTRALES DE 1.000 kW O MAS
                                                PRODUCCION BRUTA EXPRESADA EN MWh            
                                 -------------------------------------------------------------------
                 PROVINCIA       HIDROELECT.    EOLICA    ENERG페 SOLAR *  TERMOELECT.      TOTAL
                 --------------- ----------- -----------  ---------------  ----------- -------------
                 ALAVA                19.117      18.497              535       27.985        66.134
                 ALBACETE             17.404     672.614           29.149        8.683       727.850
                 ALICANTE                  0           0           12.364        1.630        13.994
                 ALMERIA                   0     151.673            9.456      594.790       755.919
                 AVILA                 9.844      50.852            6.047            0        66.743
                 BADAJOZ                 159           0          115.907       15.669       131.735
                 BALEARES                  0         696            7.210      337.767       345.673
                 BARCELONA             8.613      69.880            8.660      594.746       681.899
                 BURGOS               10.770     399.801            1.763       44.900       457.234
                 CACERES             100.164           0           51.564    1.407.722     1.559.450
                 CADIZ                     0     233.137           20.532      637.707       891.376
                 CASTELLON             2.404     176.236            5.517      164.577       348.734
                 CIUDAD REAL               0      55.214           50.606      156.915       262.735
                 CORDOBA               5.557           0           44.267      122.639       172.463
                 LA CORU헤           176.996     269.199              113      979.577     1.425.885
                 CUENCA               29.076     246.452           23.208        9.698       308.434
                 GIRONA               13.892           0            2.155       34.001        50.048
                 GRANADA               4.891     113.000           17.610       35.914       171.415
                 GUADALAJARA           6.543     170.534            3.192      709.365       889.634
                 GUIPUZCOA             3.101           0              278       50.412        53.791
                 HUELVA                    0      83.722            8.850      152.768       245.340
                 HUESCA              102.435      81.457            4.140       16.765       204.797
                 JAEN                 14.351       2.608            9.652       86.656       113.267
                 LEON                 92.164     109.381            4.480      276.686       482.711
                 LLEIDA              171.229      73.170           16.441       18.313       279.153
                 LA RIOJA             11.996     123.116            6.469       24.234       165.815
                 LUGO                315.887     378.793              379            0       695.059
                 MADRID               18.519           0            5.844       78.855       103.218
                 MALAGA               34.335     136.485            5.611      118.228       294.659
                 MURCIA                6.486      91.063           47.526      313.239       458.314
                 NAVARRA              44.116     247.055           16.397      110.561       418.129
                 ORENSE              645.177      72.714              148       12.370       730.409
                 ASTURIAS            343.631     137.753                0      938.307     1.419.691
                 PALENCIA             18.054     191.777            2.480      145.590       357.901
                 LAS PALMAS                0      26.762            4.842      352.604       384.208
                 PONTEVEDRA           76.287     123.192              297       19.307       219.083
                 SALAMANCA           471.938      37.235            5.599       16.887       531.659
                 S.C.TENERIFE              0      17.046           12.826      281.055       310.927
                 CANTABRIA            77.593       3.788               73       72.931       154.385
                 SEGOVIA               1.740      10.922            2.005        9.456        24.123
                 SEVILLA              14.089      35.337           60.783        5.000       115.209
                 SORIA                 2.734     326.928            1.765            0       331.427
                 TARRAGONA           146.884     190.022            5.163    2.284.129     2.626.198
                 TERUEL                  117      53.645            2.830      203.575       260.167
                 TOLEDO               37.734      26.251           20.365      119.395       203.745
                 VALENCIA            118.668     189.730           13.452      999.373     1.321.223
                 VALLADOLID           10.257      53.470           12.658       24.871       101.256
                 VIZCAYA              53.160      21.580              145      274.067       348.952
                 ZAMORA              257.579     143.914            8.228        1.080       410.801
                 ZARAGOZA            189.515     416.732           10.896      222.153       839.296
                 CEUTA                     0           0                0       17.686        17.686
                 MELILLA                   0           0                0       17.158        17.158
                                 ----------- -----------  ---------------  ----------- -------------
                 T O T A L         3.685.206   6.033.433          700.477   13.147.996    23.567.112


1.2.5 PRODUCCION BRUTA Y DISPONIBLE POR PROVINCIAS. DATOS MENSUALES                                FEBRERO    2015
      CENTRALES DE 1.000 kW O MAS
                PRODUCCION BRUTA                             PRODUCCION DISPONIBLE EXPRESADA EN MWh
                ----------------              -------------------------------------------------------------------
PROVINCIA          TOTAL (MWh)      BOMBEO     HIDROELECT.   EOLICA    ENERG페 SOLAR *  TERMOELECT.      TOTAL
--------------- ---------------- -----------  -----------  ----------- ---------------  ----------- -------------
ALAVA                     66.134           0       19.024       18.497             535       27.004        65.060
ALBACETE                 727.850           0       17.308      667.799          29.149        8.294       722.550
ALICANTE                  13.994           0            0            0          12.364        1.605        13.969
ALMERIA                  755.919           0            0      148.631           9.456      566.722       724.809
AVILA                     66.743           0        9.623       49.630           6.047            0        65.300
BADAJOZ                  131.735           0          157            0         109.275       14.237       123.669
BALEARES                 345.673           0            0          696           7.210      311.210       319.116
BARCELONA                681.899           0        8.520       69.692           8.660      570.326       657.198
BURGOS                   457.234           0       10.705      395.399           1.763       42.599       450.466
CACERES                1.559.450      11.690       86.796            0          49.615    1.359.152     1.495.563
CADIZ                    891.376           0            0      231.116          19.456      615.184       865.756
CASTELLON                348.734           0        2.351      176.236           5.517      159.766       343.870
CIUDAD REAL              262.735           0            0       54.366          47.901      141.119       243.386
CORDOBA                  172.463           0        5.413            0          42.272      110.068       157.753
LA CORU헤              1.425.885           0      173.840      267.993             113      927.329     1.369.275
CUENCA                   308.434           0       28.537      246.191          23.208        9.388       307.324
GIRONA                    50.048           0       13.642            0           2.155       32.725        48.522
GRANADA                  171.415           0        4.810       86.913          16.927       34.729       143.379
GUADALAJARA              889.634      32.247      -26.023      168.324           3.192      665.313       810.806
GUIPUZCOA                 53.791           0        3.085            0             278       48.504        51.867
HUELVA                   245.340           0            0       83.277           8.850      143.836       235.963
HUESCA                   204.797      46.008       55.418       81.030           4.139       16.313       156.900
JAEN                     113.267           0       14.009        2.530           9.652       83.526       109.717
LEON                     482.711           0       90.634      108.434           4.480      248.506       452.054
LLEIDA                   279.153      49.188      118.859       72.985          15.910       17.846       225.600
LA RIOJA                 165.815           0       11.948      123.116           6.469       23.483       165.016
LUGO                     695.059           0      312.002      376.576             379            0       688.957
MADRID                   103.218           0       18.321            0           5.844       72.359        96.524
MALAGA                   294.659      33.430           92      135.861           5.611      114.912       256.476
MURCIA                   458.314           0        6.459       90.357          47.455      300.332       444.603
NAVARRA                  418.129           0       44.055      246.583          16.397      105.851       412.886
ORENSE                   730.409      42.523      595.099       72.599             148       11.776       679.622
ASTURIAS               1.419.691       2.878      336.631      136.095               0      870.019     1.342.745
PALENCIA                 357.901           0       17.913      189.027           2.480      135.288       344.708
LAS PALMAS               384.208           0            0       26.661           4.842      333.567       365.070
PONTEVEDRA               219.083           0       75.377      121.870             297       18.626       216.170
SALAMANCA                531.659     119.171      348.844       37.235           5.599       16.785       408.463
S.C.TENERIFE             310.927           0            0       17.016          12.826      266.086       295.928
CANTABRIA                154.385           0       77.237        3.788              73       67.857       148.955
SEGOVIA                   24.123           0        1.626       10.883           2.005        9.271        23.785
SEVILLA                  115.209      16.142       -2.478       34.910          57.652        4.753        94.837
SORIA                    331.427           0        2.717      326.158           1.765            0       330.640
TARRAGONA              2.626.198           0      144.981      188.532           5.163    2.202.056     2.540.732
TERUEL                   260.167           0          114       53.207           2.830      181.720       237.871
TOLEDO                   203.745           0       37.379       25.794          20.365      114.531       198.069
VALENCIA               1.321.223     143.326      -26.445      188.658          13.452      962.662     1.138.327
VALLADOLID               101.256           0       10.192       52.356          12.658       24.044        99.250
VIZCAYA                  348.952           0       52.870       21.580             145      267.934       342.529
ZAMORA                   410.801           0      255.871      141.224           8.228        1.029       406.352
ZARAGOZA                 839.296           0      187.602      414.074          10.896      212.045       824.617
CEUTA                     17.686           0            0            0               0       16.235        16.235
MELILLA                   17.158           0            0            0               0       16.102        16.102
                ---------------- -----------  -----------  ----------- ---------------  ----------- -------------
T O T A L             23.567.112     496.603    3.145.115    5.963.899         681.703   12.504.624    22.295.341

(*) - Incluye energ眼 de origen fotovoltaico y de origen termosolar.
