200601 52.596
200602 30.406
200603 2.798
200604 1.322
200605 1.633
200606 2.367
200607 2.971
200608 2.922
200609 1.959
200610 1.515
200611 2.272
200612 1.665
200701 4.584
200702 2.300
200703 2.612
200704 1.650
200705 2.293
200706 1.207
200707 921
200708 518
200709 168
200710 1.047
200711 21
200712 349
200801 1.307
200802 461
200803 366
200804 0
200805 0
200806 0
200807 397
200808 142
200809 226
200810 229
200811 328
200812 132
200901 0
200902 367
200903 494
200904 293
200905 0
200906 0
200907 262
200908 393
200909 8
200910 106
200911 240
200912 69
201001 1.400
201002 155
201003 195
201004 249
201005 309
201006 7
201007 75
201008 73
201009 68
201010 265
201011 222
201012 128
201101 0
201102 0
201103 0
201104 0
201105 0
201106 0
201107 0
201108 0
201109 0
201110 0
201111 0
201112 631
201201 0
201202 0
201203 0
201204 0
201205 1.416
201206 2.611
201207 0
201208 0
201209 0
201210 0
201211 0
201212 0
201301 0
201302 0
201303 0
201304 0
201305 0
201306 0
201307 7.748
201308 0
201309 6.882
201310 7.614
201311 6.489
201312 6.246
201401 6.929
201402 5.955
201403 4.214
201404 3.193
201405 6.126
201406 8.621
201407 8.893
201408 8.841
201409 8.566
201410 2.058
201411 13.698
201412 13.833
201501 2.547
201502 2.285
201503 0
201504 0
