200601 678.427
200602 683.632
200603 638.235
200604 621.942
200605 657.320
200606 718.257
200607 883.898
200608 602.362
200609 677.837
200610 521.055
200611 498.482
200612 491.001
200701 586.534
200702 536.619
200703 585.460
200704 537.741
200705 523.069
200706 673.476
200707 693.591
200708 513.999
200709 489.697
200710 562.835
200711 662.961
200712 647.645
200801 629.455
200802 542.659
200803 642.128
200804 546.029
200805 457.378
200806 433.671
200807 629.641
200808 673.075
200809 679.088
200810 664.929
200811 567.032
200812 525.051
200901 498.807
200902 542.603
200903 499.249
200904 458.720
200905 554.148
200906 573.689
200907 666.368
200908 627.777
200909 562.610
200910 554.322
200911 394.885
200912 560.641
201001 565.832
201002 492.522
201003 486.671
201004 499.046
201005 557.808
201006 617.479
201007 564.543
201008 610.867
201009 606.289
201010 734.782
201011 787.754
201012 634.913
201101 707.715
201102 899.983
201103 892.585
201104 637.203
201105 703.277
201106 552.007
201107 485.914
201108 683.146
201109 624.264
201110 634.447
201111 605.138
201112 580.200
201201 707.710
201202 651.493
201203 496.862
201204 471.779
201205 594.346
201206 676.514
201207 695.006
201208 725.858
201209 654.279
201210 663.331
201211 667.790
201212 614.607
201301 683.783
201302 563.303
201303 474.636
201304 477.919
201305 542.828
201306 452.919
201307 702.524
201308 597.779
201309 593.412
201310 592.004
201311 591.014
201312 662.573
201401 471.104
201402 423.988
201403 422.251
201404 345.522
201405 460.049
201406 542.203
201407 593.905
201408 587.055
201409 603.221
201410 569.057
201411 581.831
201412 614.503
201501 649.808
201502 562.468
201503 619.241
201504 605.746
