200601 24.302
200602 19.388
200603 22.215
200604 22.020
200605 20.986
200606 19.090
200607 19.987
200608 19.140
200609 18.335
200610 7.696
200611 21.758
200612 23.909
200701 21.967
200702 22.464
200703 20.651
200704 38.776
200705 38.130
200706 23.864
200707 23.649
200708 14.285
200709 19.139
200710 24.429
200711 22.001
200712 25.509
200801 9.767
200802 21.064
200803 26.137
200804 22.428
200805 22.706
200806 23.737
200807 24.344
200808 13.720
200809 21.952
200810 24.865
200811 23.478
200812 22.795
200901 26.823
200902 19.792
200903 26.312
200904 25.082
200905 25.889
200906 25.493
200907 24.335
200908 14.639
200909 23.644
200910 26.891
200911 24.131
200912 27.238
201001 23.484
201002 20.977
201003 9.400
201004 22.996
201005 25.099
201006 26.056
201007 26.134
201008 12.026
201009 13.444
201010 26.387
201011 26.377
201012 6.805
201101 25.240
201102 22.197
201103 21.688
201104 24.618
201105 11.871
201106 8.136
201107 26.509
201108 15.579
201109 10.257
201110 17.412
201111 21.498
201112 16.092
201201 17.224
201202 25.528
201203 25.811
201204 27.862
201205 23.399
201206 30.002
201207 31.248
201208 15.394
201209 19.549
201210 24.024
201211 33.306
201212 34.339
201301 34.075
201302 13.758
201303 32.885
201304 29.542
201305 28.900
201306 29.079
201307 32.562
201308 24.993
201309 24.791
201310 27.693
201311 25.816
201312 25.894
201401 24.555
201402 13.610
201403 29.178
201404 30.178
201405 27.416
201406 15.861
201407 22.337
201408 24.492
201409 24.592
201410 27.713
201411 29.258
201412 31.733
201501 32.151
201502 29.993
201503 27.535
201504 21.515
