200601 864.297
200602 825.879
200603 741.347
200604 742.498
200605 774.677
200606 847.150
200607 1.018.690
200608 711.588
200609 781.302
200610 569.177
200611 631.191
200612 607.251
200701 695.831
200702 613.498
200703 657.154
200704 677.341
200705 628.552
200706 773.601
200707 816.362
200708 598.809
200709 590.850
200710 654.999
200711 684.983
200712 706.519
200801 741.190
200802 666.462
200803 691.649
200804 568.457
200805 480.084
200806 457.408
200807 670.308
200808 720.860
200809 780.279
200810 751.343
200811 633.760
200812 547.978
200901 525.630
200902 562.762
200903 526.055
200904 484.095
200905 580.037
200906 599.182
200907 749.002
200908 718.582
200909 659.810
200910 641.427
200911 483.583
200912 648.162
201001 613.079
201002 558.512
201003 516.199
201004 573.819
201005 639.224
201006 715.350
201007 656.033
201008 688.136
201009 692.030
201010 797.629
201011 814.353
201012 650.364
201101 732.955
201102 922.180
201103 914.273
201104 661.821
201105 715.148
201106 560.143
201107 512.423
201108 698.725
201109 634.521
201110 651.859
201111 626.636
201112 609.850
201201 724.934
201202 677.021
201203 522.673
201204 499.641
201205 619.161
201206 709.127
201207 726.254
201208 741.252
201209 673.828
201210 687.355
201211 701.096
201212 648.946
201301 717.858
201302 577.061
201303 507.521
201304 507.461
201305 571.728
201306 481.998
201307 742.834
201308 622.772
201309 625.085
201310 627.311
201311 623.318
201312 694.713
201401 502.588
201402 443.553
201403 455.643
201404 378.893
201405 493.591
201406 566.685
201407 625.135
201408 620.388
201409 636.379
201410 598.828
201411 624.787
201412 660.069
201501 684.506
201502 594.746
201503 646.776
201504 627.261
