200601 999
200602 1.100
200603 1.084
200604 799
200605 894
200606 1.661
200607 1.535
200608 1.742
200609 1.495
200610 1.725
200611 11.916
200612 11.986
200701 12.254
200702 11.362
200703 12.350
200704 11.872
200705 12.592
200706 11.876
200707 11.126
200708 11.158
200709 11.166
200710 11.519
200711 11.191
200712 11.468
200801 11.614
200802 10.281
200803 10.582
200804 10.329
200805 11.519
200806 10.289
200807 10.050
200808 9.975
200809 11.011
200810 10.777
200811 1.039
200812 2.605
200901 7.498
200902 11.815
200903 12.166
200904 11.611
200905 12.609
200906 3.162
200907 2.330
200908 8.721
200909 11.251
200910 12.299
200911 12.595
200912 11.011
201001 9.112
201002 10.451
201003 11.099
201004 10.466
201005 12.542
201006 12.877
201007 13.211
201008 10.459
201009 12.872
201010 13.214
201011 13.359
201012 12.372
201101 13.471
201102 2.791
201103 13.916
201104 12.820
201105 13.693
201106 11.902
201107 11.572
201108 10.156
201109 13.037
201110 13.277
201111 12.589
201112 9.958
201201 13.020
201202 12.654
201203 13.182
201204 12.107
201205 11.577
201206 11.343
201207 11.193
201208 18.162
201209 18.992
201210 21.151
201211 11.000
201212 20.376
201301 11.405
201302 1.812
201303 12.404
201304 11.362
201305 12.448
201306 11.987
201307 19.498
201308 19.343
201309 18.320
201310 18.296
201311 16.956
201312 13.422
201401 16.994
201402 4.899
201403 3.561
201404 2.343
201405 7.606
201406 8.701
201407 9.265
201408 7.634
201409 9.101
201410 8.188
201411 6.939
201412 7.328
201501 10.155
201502 9.132
201503 11.036
201504 9.768
