200601 756
200602 729
200603 805
200604 588
200605 5
200606 3
200607 1
200608 1
200609 74
200610 40
200611 0
200612 0
200701 1
200702 0
200703 123
200704 0
200705 0
200706 0
200707 1
200708 0
200709 12
200710 0
200711 0
200712 3
200801 5.950
200802 0
200803 0
200804 0
200805 1
200806 0
200807 0
200808 0
200809 4
200810 0
200811 0
200812 215
200901 198
200902 199
200903 239
200904 224
200905 241
200906 53
200907 0
200908 0
200909 0
200910 0
200911 0
200912 0
201001 73
201002 237
201003 294
201004 186
201005 157
201006 168
201007 166
201008 0
201009 51
201010 178
201011 353
201012 326
201101 333
201102 279
201103 381
201104 162
201105 71
201106 72
201107 114
201108 0
201109 123
201110 28
201111 119
201112 116
201201 229
201202 169
201203 148
201204 144
201205 244
201206 88
201207 138
201208 0
201209 195
201210 139
201211 268
201212 174
201301 288
201302 204
201303 225
201304 220
201305 105
201306 129
201307 126
201308 0
201309 0
201310 0
201311 0
201312 0
201401 0
201402 0
201403 0
201404 0
201405 0
201406 0
201407 0
201408 0
201409 0
201410 0
201411 0
201412 0
201501 229
201502 324
201503 162
201504 119
