200601 1.755
200602 1.829
200603 1.889
200604 1.387
200605 899
200606 1.664
200607 1.536
200608 1.743
200609 1.569
200610 1.765
200611 11.916
200612 11.986
200701 12.255
200702 11.362
200703 12.473
200704 11.872
200705 12.592
200706 11.876
200707 11.127
200708 11.158
200709 11.178
200710 11.519
200711 11.191
200712 11.471
200801 17.564
200802 10.281
200803 10.582
200804 10.329
200805 11.520
200806 10.289
200807 10.050
200808 9.975
200809 11.015
200810 10.777
200811 1.039
200812 2.820
200901 7.696
200902 12.014
200903 12.405
200904 11.835
200905 12.850
200906 3.215
200907 2.330
200908 8.721
200909 11.251
200910 12.299
200911 12.595
200912 11.011
201001 9.185
201002 10.688
201003 11.393
201004 10.652
201005 12.699
201006 13.045
201007 13.377
201008 10.459
201009 12.923
201010 13.392
201011 13.712
201012 12.698
201101 13.804
201102 3.070
201103 14.297
201104 12.982
201105 13.764
201106 11.974
201107 11.686
201108 10.156
201109 13.160
201110 13.305
201111 12.708
201112 10.074
201201 13.249
201202 12.823
201203 13.330
201204 12.251
201205 11.821
201206 11.431
201207 11.331
201208 18.162
201209 19.187
201210 21.290
201211 11.268
201212 20.550
201301 11.693
201302 2.016
201303 12.629
201304 11.582
201305 12.553
201306 12.116
201307 19.624
201308 19.343
201309 18.320
201310 18.296
201311 16.956
201312 13.422
201401 16.994
201402 4.899
201403 3.561
201404 2.343
201405 7.606
201406 8.701
201407 9.265
201408 7.634
201409 9.101
201410 8.188
201411 6.939
201412 7.328
201501 10.384
201502 9.456
201503 11.198
201504 9.887
