200601 5501
200602 8696
200603 9682
200604 7855
200605 8675
200606 7893
200607 8945
200608 8438
200609 4723
200610 14748
200611 15720
200612 12984
200701 16062
200702 13511
200703 16248
200704 14143
200705 14930
200706 22456
200707 20806
200708 21913
200709 18250
200710 20325
200711 20540
200712 20299
200801 5073
200802 11105
200803 20540
200804 20774
200805 21983
200806 19549
200807 18538
200808 2391
200809 15538
200810 16034
200811 14702
200812 13739
200901 12864
200902 12838
200903 12381
200904 17393
200905 16851
200906 16410
200907 17426
200908 914
200909 17260
200910 17201
200911 16961
200912 16581
201001 16286
201002 16843
201003 17781
201004 8097
201005 17108
201006 19036
201007 19334
201008 1833
201009 19146
201010 19168
201011 18512
201012 12217
201101 19301
201102 18526
201103 20813
201104 18612
201105 18114
201106 17253
201107 19260
201108 7662
201109 12276
201110 11111
201111 12109
201112 11252
201201 12495
201202 18029
201203 17444
201204 15980
201205 9101
201206 9894
201207 10898
201208 6548
201209 11186
201210 10934
201211 10326
201212 8925
201301 11078
201302 9919
201303 10629
201304 11197
201305 10781
201306 9824
201307 10786
201308 41
201309 10214
201310 10636
201311 9137
201312 8912
201401 10638
201402 3994
201403 7663
201404 6972
201405 7533
201406 9715
201407 11074
201408 9329
201409 9560
201410 10069
201411 6534
201412 7143
201501 8481
201502 8683
201503 11504
201504 10932
