200601 898
200602 882
200603 943
200604 0
200605 894
200606 854
200607 916
200608 953
200609 860
200610 836
200611 887
200612 770
200701 949
200702 912
200703 1.021
200704 846
200705 3.371
200706 4.350
200707 2.890
200708 1.128
200709 858
200710 1.373
200711 1.208
200712 1.046
200801 1.355
200802 1.124
200803 1.052
200804 1.177
200805 1.183
200806 1.063
200807 2.431
200808 1.675
200809 2.782
200810 3.800
200811 5.954
200812 6.227
200901 5.200
200902 5.513
200903 5.289
200904 4.721
200905 4.540
200906 4.418
200907 4.528
200908 1.207
200909 2.827
200910 2.950
200911 3.344
200912 3.589
201001 3.240
201002 3.389
201003 3.653
201004 3.361
201005 3.305
201006 3.565
201007 4.162
201008 1.066
201009 3.295
201010 3.112
201011 3.449
201012 3.536
201101 3.331
201102 3.380
201103 3.471
201104 3.152
201105 3.546
201106 3.163
201107 3.161
201108 947
201109 879
201110 1.009
201111 1.038
201112 1.175
201201 1.035
201202 1.128
201203 886
201204 882
201205 1.017
201206 573
201207 269
201208 0
201209 0
201210 0
201211 0
201212 0
201301 0
201302 0
201303 0
201304 0
201305 0
201306 0
201307 0
201308 0
201309 0
201310 0
201311 0
201312 0
201401 0
201402 0
201403 0
201404 0
201405 0
201406 0
201407 0
201408 0
201409 0
201410 0
201411 0
201412 0
201501 0
201502 0
201503 0
201504 0
