200601 42.081
200602 38.965
200603 40.795
200604 38.371
200605 39.318
200606 34.882
200607 36.210
200608 38.340
200609 39.002
200610 31.082
200611 51.179
200612 44.026
200701 52.243
200702 46.069
200703 42.516
200704 43.284
200705 49.824
200706 41.541
200707 48.136
200708 42.521
200709 44.259
200710 49.446
200711 51.505
200712 49.818
200801 80.454
200802 77.009
200803 76.865
200804 78.879
200805 82.846
200806 77.390
200807 82.264
200808 75.657
200809 69.222
200810 70.850
200811 69.132
200812 53.119
200901 56.927
200902 58.848
200903 54.179
200904 68.129
200905 77.440
200906 58.808
200907 69.371
200908 64.868
200909 79.157
200910 80.388
200911 80.752
200912 75.638
201001 61.189
201002 57.749
201003 63.625
201004 65.239
201005 67.671
201006 64.426
201007 71.625
201008 63.924
201009 58.627
201010 59.057
201011 60.525
201012 56.600
201101 77.365
201102 65.055
201103 80.283
201104 67.540
201105 74.288
201106 68.599
201107 78.795
201108 70.491
201109 60.423
201110 55.470
201111 73.458
201112 59.072
201201 49.904
201202 80.258
201203 74.427
201204 53.030
201205 58.527
201206 67.154
201207 76.078
201208 66.708
201209 53.687
201210 77.488
201211 63.064
201212 77.745
201301 45.689
201302 34.153
201303 56.215
201304 46.676
201305 56.989
201306 65.743
201307 70.104
201308 49.263
201309 64.060
201310 58.205
201311 58.144
201312 61.136
201401 60.185
201402 56.779
201403 35.898
201404 19.027
201405 19.821
201406 21.393
201407 25.099
201408 15.972
201409 22.254
201410 24.286
201411 21.924
201412 16.901
201501 19.682
201502 18.313
201503 18.816
201504 19.308
