200601 4.681
200602 3.331
200603 2.410
200604 2.321
200605 3.087
200606 2.510
200607 2.701
200608 2.730
200609 2.772
200610 2.402
200611 2.443
200612 1.805
200701 2.698
200702 2.385
200703 2.503
200704 2.324
200705 98
200706 92
200707 42
200708 53
200709 61
200710 10
200711 0
200712 0
200801 666
200802 579
200803 626
200804 715
200805 442
200806 409
200807 455
200808 263
200809 110
200810 291
200811 262
200812 312
200901 291
200902 280
200903 143
200904 279
200905 373
200906 335
200907 248
200908 329
200909 171
200910 143
200911 321
200912 248
201001 240
201002 300
201003 133
201004 173
201005 132
201006 90
201007 139
201008 79
201009 116
201010 114
201011 64
201012 144
201101 159
201102 6.540
201103 1.044
201104 7.845
201105 5.371
201106 7.672
201107 153
201108 124
201109 2.817
201110 1.545
201111 5.523
201112 8.180
201201 147
201202 228
201203 257
201204 215
201205 260
201206 241
201207 183
201208 176
201209 5.717
201210 233
201211 252
201212 244
201301 0
201302 0
201303 0
201304 0
201305 0
201306 5.604
201307 246
201308 220
201309 176
201310 260
201311 239
201312 202
201401 173
201402 86
201403 0
201404 0
201405 0
201406 0
201407 0
201408 0
201409 0
201410 0
201411 0
201412 0
201501 0
201502 0
201503 0
201504 0
