200601 47.659
200602 43.178
200603 44.148
200604 40.692
200605 43.300
200606 38.247
200607 39.827
200608 42.022
200609 42.634
200610 34.320
200611 54.510
200612 46.601
200701 55.890
200702 49.366
200703 46.040
200704 46.454
200705 53.293
200706 45.983
200707 51.068
200708 43.702
200709 45.178
200710 50.829
200711 52.713
200712 50.864
200801 82.475
200802 78.712
200803 78.543
200804 80.771
200805 84.471
200806 78.861
200807 85.150
200808 77.595
200809 72.114
200810 74.941
200811 75.347
200812 59.658
200901 62.418
200902 64.641
200903 59.611
200904 73.129
200905 82.353
200906 63.561
200907 74.147
200908 66.404
200909 82.155
200910 83.480
200911 84.417
200912 79.475
201001 64.669
201002 61.438
201003 67.411
201004 68.773
201005 71.108
201006 68.081
201007 75.926
201008 65.068
201009 62.038
201010 62.283
201011 64.038
201012 60.280
201101 80.855
201102 74.975
201103 84.798
201104 78.537
201105 83.205
201106 79.434
201107 82.110
201108 71.562
201109 64.120
201110 58.024
201111 80.019
201112 68.426
201201 51.086
201202 81.614
201203 75.570
201204 54.127
201205 59.804
201206 67.968
201207 76.530
201208 66.884
201209 59.404
201210 77.721
201211 63.316
201212 77.989
201301 45.689
201302 34.153
201303 56.215
201304 46.676
201305 56.989
201306 71.347
201307 70.350
201308 49.483
201309 64.236
201310 58.465
201311 58.383
201312 61.338
201401 60.358
201402 56.865
201403 35.898
201404 19.027
201405 19.821
201406 21.393
201407 25.099
201408 15.972
201409 22.254
201410 24.286
201411 21.924
201412 16.901
201501 19.682
201502 18.313
201503 18.816
201504 19.308
