200601 139777
200602 95578
200603 90041
200604 78537
200605 116061
200606 114711
200607 101014
200608 111020
200609 124679
200610 87236
200611 69394
200612 92979
200701 117637
200702 86503
200703 78997
200704 79245
200705 84295
200706 91289
200707 117684
200708 122588
200709 109613
200710 111646
200711 92297
200712 91754
200801 101271
200802 75715
200803 83222
200804 81690
200805 99829
200806 106337
200807 113914
200808 118310
200809 91298
200810 80487
200811 101238
200812 99181
200901 102000
200902 85699
200903 88371
200904 80358
200905 75281
200906 94965
200907 112195
200908 112758
200909 92285
200910 74406
200911 67932
200912 84859
201001 92208
201002 72999
201003 80602
201004 71412
201005 104430
201006 99729
201007 110873
201008 107671
201009 94877
201010 80352
201011 98302
201012 117851
201101 91937
201102 75108
201103 76294
201104 92224
201105 113025
201106 92291
201107 107639
201108 86503
201109 77940
201110 54266
201111 48220
201112 81618
201201 84430
201202 83140
201203 102658
201204 103319
201205 94789
201206 101024
201207 91284
201208 108885
201209 90652
201210 109751
201211 64611
201212 81979
201301 83013
201302 71050
201303 72578
201304 35938
201305 49694
201306 50209
201307 72297
201308 96112
201309 68289
201310 48936
201311 44506
201312 39708
201401 61388
201402 36665
201403 22256
201404 27665
201405 32344
201406 43104
201407 46889
201408 47439
201409 45136
201410 42892
201411 35677
201412 35770
201501 24050
201502 37047
201503 21645
201504 29248
