200601 2.497
200602 3.500
200603 2.826
200604 2.091
200605 2.534
200606 2.653
200607 2.398
200608 2.664
200609 2.542
200610 2.599
200611 2.543
200612 2.143
200701 3.592
200702 2.315
200703 2.688
200704 2.162
200705 2.165
200706 4.863
200707 5.676
200708 3.339
200709 2.920
200710 2.533
200711 1.725
200712 1.296
200801 1.021
200802 965
200803 970
200804 960
200805 959
200806 994
200807 58
200808 61
200809 47
200810 28
200811 34
200812 50
200901 0
200902 320
200903 3.896
200904 3.725
200905 1.296
200906 0
200907 0
200908 0
200909 0
200910 0
200911 0
200912 0
201001 0
201002 0
201003 0
201004 0
201005 0
201006 0
201007 0
201008 0
201009 0
201010 0
201011 0
201012 0
201101 0
201102 0
201103 0
201104 0
201105 0
201106 0
201107 0
201108 0
201109 0
201110 0
201111 0
201112 0
201201 0
201202 0
201203 0
201204 0
201205 0
201206 0
201207 0
201208 0
201209 4
201210 0
201211 0
201212 0
201301 0
201302 0
201303 0
201304 0
201305 0
201306 0
201307 0
201308 0
201309 0
201310 0
201311 0
201312 0
201401 0
201402 0
201403 0
201404 0
201405 0
201406 0
201407 0
201408 0
201409 0
201410 68
201411 0
201412 0
201501 0
201502 0
201503 0
201504 0
