200601 102.672
200602 95.350
200603 96.201
200604 85.454
200605 94.009
200606 85.220
200607 88.984
200608 74.088
200609 80.709
200610 82.448
200611 87.401
200612 88.192
200701 96.318
200702 82.105
200703 93.226
200704 88.987
200705 83.735
200706 61.031
200707 89.142
200708 71.142
200709 78.839
200710 88.249
200711 94.413
200712 106.821
200801 89.257
200802 89.764
200803 93.169
200804 93.209
200805 90.641
200806 87.653
200807 87.570
200808 56.599
200809 67.501
200810 61.816
200811 86.595
200812 82.206
200901 95.577
200902 82.020
200903 88.294
200904 77.346
200905 81.526
200906 80.916
200907 87.876
200908 78.010
200909 89.681
200910 84.914
200911 93.738
200912 90.806
201001 70.182
201002 60.026
201003 92.993
201004 89.639
201005 81.065
201006 89.279
201007 95.618
201008 81.202
201009 84.604
201010 93.346
201011 82.778
201012 89.952
201101 99.990
201102 79.357
201103 90.809
201104 83.037
201105 84.292
201106 88.045
201107 87.679
201108 76.118
201109 82.371
201110 49.502
201111 78.972
201112 69.529
201201 76.208
201202 74.320
201203 74.023
201204 74.408
201205 74.284
201206 77.062
201207 73.179
201208 79.824
201209 76.764
201210 90.306
201211 84.754
201212 95.654
201301 84.706
201302 72.830
201303 86.395
201304 66.779
201305 59.168
201306 44.771
201307 55.068
201308 33.909
201309 50.253
201310 51.051
201311 52.417
201312 54.383
201401 53.665
201402 30.615
201403 38.065
201404 39.772
201405 45.827
201406 48.517
201407 43.965
201408 36.295
201409 41.924
201410 46.780
201411 41.162
201412 51.138
201501 41.057
201502 34.185
201503 41.702
201504 37.017
