200601 346.610
200602 314.608
200603 347.701
200604 336.402
200605 344.354
200606 335.347
200607 247.368
200608 346.788
200609 295.274
200610 321.180
200611 337.092
200612 269.071
200701 247.708
200702 125.604
200703 81.997
200704 306.157
200705 349.300
200706 337.719
200707 327.720
200708 345.848
200709 334.386
200710 346.148
200711 336.225
200712 343.475
200801 344.683
200802 324.659
200803 347.094
200804 332.652
200805 347.517
200806 333.781
200807 307.963
200808 334.095
200809 333.509
200810 334.489
200811 334.457
200812 345.728
200901 344.893
200902 280.006
200903 9
200904 240.162
200905 330.895
200906 334.691
200907 343.179
200908 343.972
200909 333.500
200910 344.357
200911 336.406
200912 347.779
201001 347.385
201002 238.999
201003 345.190
201004 333.721
201005 215.096
201006 336.324
201007 347.164
201008 344.282
201009 335.307
201010 314.938
201011 331.396
201012 347.367
201101 346.385
201102 313.714
201103 346.076
201104 330.760
201105 26.376
201106 334.293
201107 345.717
201108 345.514
201109 331.760
201110 345.945
201111 335.697
201112 345.306
201201 347.995
201202 325.489
201203 307.619
201204 336.624
201205 347.637
201206 334.929
201207 344.208
201208 345.221
201209 333.750
201210 343.956
201211 335.595
201212 176.664
201301 0
201302 0
201303 0
201304 0
201305 0
201306 0
201307 0
201308 0
201309 0
201310 0
201311 0
201312 0
201401 0
201402 0
201403 0
201404 0
201405 0
201406 0
201407 0
201408 0
201409 0
201410 0
201411 0
201412 0
201501 0
201502 0
201503 0
201504 0
