200601 3.879
200602 3.388
200603 3.514
200604 3.439
200605 1.947
200606 3.413
200607 3.396
200608 3.544
200609 3.329
200610 3.611
200611 3.401
200612 3.529
200701 3.738
200702 3.562
200703 4.029
200704 3.430
200705 3.234
200706 3.119
200707 3.075
200708 2.998
200709 2.943
200710 2.755
200711 3.194
200712 3.123
200801 3.154
200802 3.175
200803 3.225
200804 3.252
200805 3.551
200806 2.908
200807 2.606
200808 2.784
200809 3.089
200810 2.680
200811 1.965
200812 3.256
200901 17
200902 3
200903 0
200904 0
200905 5
200906 4
200907 0
200908 9
200909 25
200910 6
200911 4
200912 6
201001 4
201002 5
201003 5
201004 5
201005 0
201006 4
201007 0
201008 4
201009 7
201010 44
201011 6
201012 5
201101 7
201102 0
201103 0
201104 0
201105 5
201106 0
201107 4
201108 0
201109 5
201110 5
201111 30
201112 0
201201 4
201202 5
201203 5
201204 5
201205 6
201206 6
201207 0
201208 0
201209 7.150
201210 12.161
201211 12.907
201212 13.281
201301 13.303
201302 11.599
201303 13.212
201304 12.866
201305 13.331
201306 8.825
201307 12.632
201308 13.323
201309 12.813
201310 13.287
201311 12.900
201312 12.330
201401 12.586
201402 9.890
201403 7.370
201404 3.094
201405 12.400
201406 10.342
201407 13.139
201408 12.372
201409 12.912
201410 12.885
201411 4.081
201412 11.614
201501 12.846
201502 10.715
201503 5.053
201504 0
