200601 455.658
200602 416.846
200603 450.242
200604 427.386
200605 442.844
200606 426.632
200607 342.146
200608 427.084
200609 381.854
200610 409.838
200611 430.437
200612 362.935
200701 351.355
200702 213.586
200703 181.940
200704 400.736
200705 438.434
200706 406.732
200707 425.613
200708 423.327
200709 419.088
200710 439.685
200711 435.558
200712 454.715
200801 438.115
200802 418.562
200803 444.458
200804 430.073
200805 442.668
200806 425.336
200807 398.197
200808 393.538
200809 404.146
200810 399.014
200811 423.051
200812 431.241
200901 440.487
200902 362.349
200903 92.199
200904 321.233
200905 413.722
200906 415.611
200907 431.055
200908 421.991
200909 423.206
200910 429.277
200911 430.148
200912 438.591
201001 417.571
201002 299.030
201003 438.188
201004 423.365
201005 296.161
201006 425.607
201007 442.782
201008 425.488
201009 419.918
201010 408.328
201011 414.180
201012 437.324
201101 446.382
201102 393.071
201103 436.885
201104 413.797
201105 110.673
201106 422.338
201107 433.400
201108 421.632
201109 414.136
201110 395.452
201111 414.699
201112 414.835
201201 424.207
201202 399.814
201203 381.647
201204 411.037
201205 421.927
201206 411.997
201207 417.387
201208 425.045
201209 417.668
201210 446.423
201211 433.256
201212 285.599
201301 98.009
201302 84.429
201303 99.607
201304 79.645
201305 72.499
201306 53.596
201307 67.700
201308 47.232
201309 63.066
201310 64.338
201311 65.317
201312 66.713
201401 66.251
201402 40.505
201403 45.435
201404 42.866
201405 58.227
201406 58.859
201407 57.104
201408 48.667
201409 54.836
201410 59.733
201411 45.243
201412 62.752
201501 53.903
201502 44.900
201503 46.755
201504 37.017
