200601 11.119
200602 10.278
200603 11.770
200604 9.975
200605 13.570
200606 13.127
200607 15.310
200608 14.258
200609 14.040
200610 11.749
200611 10.600
200612 12.977
200701 12.741
200702 11.534
200703 11.560
200704 13.696
200705 14.528
200706 15.568
200707 15.493
200708 15.853
200709 16.553
200710 15.757
200711 11.075
200712 13.548
200801 12.946
200802 11.603
200803 12.507
200804 13.223
200805 15.032
200806 14.918
200807 5.215
200808 19.059
200809 16.107
200810 14.748
200811 14.219
200812 17.922
200901 17.783
200902 15.335
200903 15.734
200904 14.478
200905 15.789
200906 16.606
200907 19.495
200908 19.958
200909 17.362
200910 17.780
200911 15.566
200912 16.543
201001 17.544
201002 15.689
201003 17.104
201004 15.598
201005 16.270
201006 17.310
201007 19.387
201008 21.487
201009 18.628
201010 17.508
201011 17.351
201012 18.448
201101 18.088
201102 16.570
201103 17.361
201104 15.671
201105 17.234
201106 18.351
201107 19.516
201108 21.207
201109 19.078
201110 18.326
201111 17.765
201112 19.438
201201 20.066
201202 19.520
201203 18.632
201204 16.990
201205 18.124
201206 19.467
201207 21.236
201208 22.152
201209 18.739
201210 18.490
201211 16.640
201212 17.726
201301 18.195
201302 16.509
201303 16.910
201304 16.056
201305 17.033
201306 16.712
201307 19.305
201308 20.916
201309 18.667
201310 17.762
201311 17.606
201312 17.932
201401 18.091
201402 16.061
201403 16.978
201404 15.795
201405 16.839
201406 17.396
201407 19.060
201408 20.230
201409 19.041
201410 17.679
201411 16.842
201412 17.096
201501 17.775
201502 17.012
201503 16.577
201504 16.773
