200601 4.650
200602 3.913
200603 2.656
200604 2.971
200605 600
200606 1.418
200607 1.569
200608 3.236
200609 1.524
200610 2.836
200611 2.313
200612 1.279
200701 1.814
200702 1.840
200703 2.592
200704 218
200705 1.053
200706 682
200707 2.257
200708 2.177
200709 1.017
200710 1.230
200711 4.436
200712 3.503
200801 4.444
200802 4.324
200803 3.212
200804 2.375
200805 989
200806 2.267
200807 619
200808 1.417
200809 2.062
200810 2.256
200811 2.411
200812 848
200901 1.056
200902 817
200903 849
200904 729
200905 503
200906 706
200907 489
200908 659
200909 725
200910 627
200911 984
200912 710
201001 505
201002 541
201003 391
201004 522
201005 549
201006 663
201007 882
201008 606
201009 556
201010 592
201011 790
201012 430
201101 303
201102 183
201103 180
201104 423
201105 195
201106 275
201107 673
201108 416
201109 187
201110 573
201111 366
201112 172
201201 207
201202 131
201203 187
201204 158
201205 213
201206 122
201207 299
201208 248
201209 320
201210 230
201211 130
201212 156
201301 130
201302 97
201303 78
201304 167
201305 137
201306 175
201307 83
201308 67
201309 219
201310 295
201311 176
201312 262
201401 179
201402 182
201403 242
201404 213
201405 183
201406 279
201407 238
201408 159
201409 233
201410 443
201411 627
201412 785
201501 1.029
201502 146
201503 415
201504 92
