200601 15.769
200602 14.191
200603 14.426
200604 12.946
200605 14.170
200606 14.545
200607 16.879
200608 17.494
200609 15.564
200610 14.585
200611 12.913
200612 14.256
200701 14.555
200702 13.374
200703 14.152
200704 13.914
200705 15.581
200706 16.250
200707 17.750
200708 18.030
200709 17.570
200710 16.987
200711 15.511
200712 17.051
200801 17.390
200802 15.927
200803 15.719
200804 15.598
200805 16.021
200806 17.185
200807 5.834
200808 20.476
200809 18.169
200810 17.004
200811 16.630
200812 18.770
200901 18.839
200902 16.152
200903 16.583
200904 15.207
200905 16.292
200906 17.312
200907 19.984
200908 20.617
200909 18.087
200910 18.407
200911 16.550
200912 17.253
201001 18.049
201002 16.230
201003 17.495
201004 16.120
201005 16.819
201006 17.973
201007 20.269
201008 22.093
201009 19.184
201010 18.100
201011 18.141
201012 18.878
201101 18.391
201102 16.753
201103 17.541
201104 16.094
201105 17.429
201106 18.626
201107 20.189
201108 21.623
201109 19.265
201110 18.899
201111 18.131
201112 19.610
201201 20.273
201202 19.651
201203 18.819
201204 17.148
201205 18.337
201206 19.589
201207 21.535
201208 22.400
201209 19.059
201210 18.720
201211 16.770
201212 17.882
201301 18.325
201302 16.606
201303 16.988
201304 16.223
201305 17.170
201306 16.887
201307 19.388
201308 20.983
201309 18.886
201310 18.057
201311 17.782
201312 18.194
201401 18.270
201402 16.243
201403 17.220
201404 16.008
201405 17.022
201406 17.675
201407 19.298
201408 20.389
201409 19.274
201410 18.122
201411 17.469
201412 17.881
201501 18.804
201502 17.158
201503 16.992
201504 16.865
