200601 1.843
200602 10.454
200603 1.423
200604 1.239
200605 2.917
200606 2.666
200607 3.736
200608 455
200609 2.395
200610 17.641
200611 12.118
200612 13.113
200701 1.810
200702 2.608
200703 1.266
200704 2.813
200705 1.421
200706 677
200707 846
200708 0
200709 900
200710 682
200711 0
200712 0
200801 0
200802 0
200803 0
200804 0
200805 0
200806 0
200807 0
200808 0
200809 0
200810 0
200811 0
200812 0
200901 0
200902 0
200903 0
200904 0
200905 0
200906 0
200907 0
200908 0
200909 0
200910 0
200911 0
200912 0
201001 0
201002 0
201003 0
201004 5.809
201005 9.008
201006 5.250
201007 4.108
201008 6.960
201009 912
201010 673
201011 0
201012 0
201101 1.790
201102 658
201103 603
201104 665
201105 1.641
201106 499
201107 670
201108 1.200
201109 404
201110 208
201111 270
201112 136
201201 0
201202 104
201203 184
201204 425
201205 1.663
201206 1.385
201207 0
201208 1.085
201209 0
201210 1.621
201211 3.403
201212 381
201301 594
201302 265
201303 455
201304 599
201305 596
201306 787
201307 1.400
201308 861
201309 963
201310 1.450
201311 2.371
201312 1.767
201401 1.844
201402 4.503
201403 1.693
201404 2.170
201405 13.060
201406 967
201407 600
201408 26.561
201409 24.553
201410 18.376
201411 26.568
201412 0
201501 262
201502 885
201503 614
201504 11
