200601 789.226
200602 711.728
200603 718.354
200604 554.871
200605 715.210
200606 725.663
200607 935.673
200608 710.788
200609 905.663
200610 833.380
200611 633.061
200612 857.240
200701 954.876
200702 765.846
200703 579.561
200704 814.645
200705 777.572
200706 975.389
200707 1.047.963
200708 837.324
200709 736.632
200710 763.102
200711 799.429
200712 998.225
200801 1.000.882
200802 961.025
200803 877.325
200804 833.163
200805 856.454
200806 913.367
200807 1.018.184
200808 1.068.131
200809 836.895
200810 954.675
200811 629.027
200812 527.071
200901 585.958
200902 303.780
200903 305.140
200904 623.147
200905 561.858
200906 686.743
200907 1.014.572
200908 830.884
200909 772.208
200910 808.364
200911 416.543
200912 522.852
201001 506.658
201002 475.734
201003 420.759
201004 345.255
201005 569.362
201006 700.865
201007 696.286
201008 858.913
201009 920.117
201010 776.107
201011 583.056
201012 695.747
201101 627.945
201102 655.849
201103 430.071
201104 196.310
201105 207.969
201106 451.454
201107 398.569
201108 449.124
201109 449.536
201110 402.003
201111 470.262
201112 289.070
201201 430.979
201202 392.688
201203 433.677
201204 298.363
201205 232.262
201206 235.930
201207 376.792
201208 463.962
201209 147.165
201210 352.059
201211 279.618
201212 281.756
201301 335.991
201302 229.785
201303 235.648
201304 155.217
201305 165.393
201306 117.858
201307 169.195
201308 321.247
201309 312.069
201310 378.078
201311 299.026
201312 394.333
201401 274.734
201402 178.855
201403 118.397
201404 118.086
201405 201.448
201406 135.806
201407 129.593
201408 138.275
201409 295.784
201410 169.480
201411 163.204
201412 173.143
201501 158.970
201502 108.657
201503 155.320
201504 110.614
