200601 8.493
200602 10.440
200603 13.375
200604 12.912
200605 2.210
200606 10.779
200607 27.557
200608 32.291
200609 29.544
200610 7.620
200611 25.583
200612 2.012
200701 17.333
200702 28.254
200703 35.633
200704 33.788
200705 36.929
200706 35.709
200707 36.768
200708 36.142
200709 35.086
200710 4.860
200711 0
200712 8.721
200801 30.253
200802 28.393
200803 29.601
200804 29.400
200805 27.261
200806 29.222
200807 30.231
200808 29.320
200809 29.338
200810 35.802
200811 28.806
200812 30.450
200901 30.395
200902 26.619
200903 34.291
200904 29.505
200905 29.817
200906 17.423
200907 28.039
200908 23.775
200909 32.373
200910 40.204
200911 37.924
200912 38.293
201001 9.998
201002 19.047
201003 23.991
201004 16.310
201005 5.024
201006 15.034
201007 10.096
201008 25.467
201009 32.270
201010 24.135
201011 0
201012 8
201101 30.303
201102 30.472
201103 20.867
201104 21.886
201105 19.292
201106 34.029
201107 21.754
201108 26.967
201109 27.446
201110 28.425
201111 32.170
201112 45.143
201201 43.867
201202 39.076
201203 36.279
201204 34.497
201205 51.487
201206 159.850
201207 175.426
201208 167.605
201209 160.310
201210 157.004
201211 152.714
201212 167.690
201301 36.958
201302 33.352
201303 33.705
201304 32.261
201305 56.715
201306 71.236
201307 70.939
201308 72.937
201309 70.749
201310 61.275
201311 67.770
201312 70.214
201401 67.128
201402 46.145
201403 39.984
201404 21.020
201405 38.064
201406 61.365
201407 56.570
201408 39.800
201409 29.514
201410 7.625
201411 22.894
201412 48.447
201501 57.615
201502 43.227
201503 51.778
201504 12.578
