200601 799.562
200602 732.622
200603 733.152
200604 569.022
200605 720.337
200606 739.108
200607 966.966
200608 743.534
200609 937.602
200610 858.641
200611 670.763
200612 872.365
200701 974.019
200702 796.708
200703 616.460
200704 851.246
200705 815.922
200706 1.011.775
200707 1.085.578
200708 873.466
200709 772.617
200710 768.644
200711 799.429
200712 1.006.946
200801 1.031.135
200802 989.418
200803 906.926
200804 862.563
200805 883.715
200806 942.589
200807 1.048.415
200808 1.097.451
200809 866.233
200810 990.477
200811 657.833
200812 557.521
200901 616.353
200902 330.399
200903 339.431
200904 652.652
200905 591.675
200906 704.166
200907 1.042.611
200908 854.659
200909 804.581
200910 848.568
200911 454.467
200912 561.145
201001 516.656
201002 494.781
201003 444.750
201004 367.374
201005 583.394
201006 721.149
201007 710.490
201008 891.340
201009 953.299
201010 800.915
201011 583.056
201012 695.755
201101 660.038
201102 686.979
201103 451.540
201104 218.862
201105 228.901
201106 485.982
201107 420.993
201108 477.291
201109 477.385
201110 430.637
201111 502.702
201112 334.349
201201 474.846
201202 431.868
201203 470.140
201204 333.286
201205 285.412
201206 397.165
201207 552.218
201208 632.652
201209 307.475
201210 510.684
201211 435.735
201212 449.827
201301 373.543
201302 263.402
201303 269.809
201304 188.078
201305 222.705
201306 189.881
201307 241.534
201308 395.044
201309 383.780
201310 440.803
201311 369.167
201312 466.314
201401 343.706
201402 229.503
201403 160.074
201404 141.275
201405 252.571
201406 198.138
201407 186.763
201408 204.636
201409 349.851
201410 195.481
201411 212.665
201412 221.590
201501 216.847
201502 152.768
201503 207.712
201504 123.203
