200601 6.222
200602 5.732
200603 8.605
200604 6.871
200605 8.465
200606 8.238
200607 7.707
200608 8.129
200609 7.490
200610 7.327
200611 7.830
200612 6.768
200701 7.475
200702 6.988
200703 8.204
200704 6.982
200705 7.960
200706 18.543
200707 26.339
200708 23.768
200709 24.136
200710 23.153
200711 17.852
200712 12.601
200801 12.551
200802 6.957
200803 0
200804 9.824
200805 7.131
200806 5.584
200807 7.742
200808 7.120
200809 9.119
200810 11.295
200811 9.866
200812 10.390
200901 10.060
200902 9.898
200903 0
200904 10.718
200905 9.711
200906 10.705
200907 17.962
200908 61
200909 18.265
200910 18.130
200911 18.377
200912 17.882
201001 17.052
201002 18.469
201003 18.632
201004 18.373
201005 9.716
201006 10.879
201007 10.769
201008 0
201009 10.865
201010 10.194
201011 10.405
201012 10.357
201101 18.089
201102 17.363
201103 9.662
201104 18.214
201105 17.050
201106 13.967
201107 13.492
201108 47
201109 14.500
201110 9.627
201111 10.142
201112 0
201201 10.378
201202 18.218
201203 9.410
201204 10.407
201205 18.929
201206 18.416
201207 10.826
201208 45
201209 16.664
201210 18.735
201211 10.653
201212 9.559
201301 11.045
201302 9.615
201303 10.579
201304 11.045
201305 10.898
201306 9.399
201307 10.691
201308 0
201309 10.108
201310 11.413
201311 9.895
201312 9.952
201401 10.991
201402 5.700
201403 8.063
201404 5.733
201405 11.230
201406 12.856
201407 13.280
201408 11.771
201409 15.468
201410 15.109
201411 11.601
201412 10.913
201501 12.172
201502 11.274
201503 1.444
201504 15.105
