200601 35.498
200602 31.423
200603 32.987
200604 31.597
200605 31.624
200606 28.417
200607 29.502
200608 29.018
200609 28.593
200610 29.723
200611 28.371
200612 23.788
200701 28.879
200702 34.044
200703 38.053
200704 35.884
200705 35.281
200706 34.974
200707 24.973
200708 36.182
200709 35.220
200710 34.294
200711 33.688
200712 32.071
200801 40.305
200802 38.016
200803 40.007
200804 38.452
200805 38.116
200806 34.440
200807 34.095
200808 33.697
200809 35.209
200810 37.369
200811 37.648
200812 30.973
200901 39.571
200902 34.822
200903 38.160
200904 37.301
200905 36.382
200906 33.840
200907 33.224
200908 31.249
200909 29.830
200910 34.043
200911 34.218
200912 28.003
201001 35.583
201002 25.928
201003 34.531
201004 32.672
201005 32.421
201006 27.037
201007 31.382
201008 30.012
201009 31.527
201010 32.096
201011 33.137
201012 22.788
201101 36.841
201102 33.265
201103 35.641
201104 33.418
201105 33.921
201106 30.063
201107 32.966
201108 29.552
201109 31.289
201110 29.877
201111 32.860
201112 26.131
201201 34.086
201202 29.500
201203 34.096
201204 29.685
201205 34.545
201206 32.152
201207 32.079
201208 31.559
201209 32.700
201210 34.684
201211 34.684
201212 29.544
201301 35.231
201302 32.102
201303 34.402
201304 32.510
201305 21.166
201306 32.775
201307 33.940
201308 31.228
201309 32.175
201310 31.404
201311 33.106
201312 26.808
201401 26.858
201402 28.432
201403 34.600
201404 30.509
201405 32.744
201406 31.678
201407 31.393
201408 31.085
201409 31.144
201410 32.993
201411 29.648
201412 27.040
201501 32.001
201502 24.415
201503 24.567
201504 32.144
