200601 497
200602 536
200603 660
200604 529
200605 658
200606 579
200607 634
200608 664
200609 619
200610 640
200611 636
200612 553
200701 684
200702 640
200703 694
200704 589
200705 645
200706 253
200707 243
200708 252
200709 217
200710 315
200711 265
200712 255
200801 198
200802 160
200803 0
200804 242
200805 200
200806 153
200807 224
200808 244
200809 235
200810 261
200811 239
200812 271
200901 281
200902 344
200903 346
200904 748
200905 606
200906 748
200907 296
200908 0
200909 272
200910 721
200911 715
200912 747
201001 838
201002 602
201003 581
201004 634
201005 334
201006 607
201007 346
201008 0
201009 454
201010 269
201011 603
201012 585
201101 599
201102 512
201103 396
201104 557
201105 440
201106 558
201107 459
201108 0
201109 416
201110 552
201111 700
201112 158
201201 629
201202 585
201203 10.766
201204 575
201205 581
201206 529
201207 555
201208 51
201209 492
201210 605
201211 248
201212 529
201301 582
201302 533
201303 533
201304 592
201305 254
201306 190
201307 225
201308 0
201309 225
201310 254
201311 242
201312 242
201401 248
201402 133
201403 184
201404 167
201405 225
201406 161
201407 156
201408 190
201409 133
201410 138
201411 208
201412 196
201501 248
201502 225
201503 63
201504 133
