200601 42.217
200602 37.691
200603 42.252
200604 38.997
200605 40.747
200606 37.234
200607 37.843
200608 37.811
200609 36.702
200610 37.690
200611 36.837
200612 31.109
200701 37.038
200702 41.672
200703 46.951
200704 43.455
200705 43.886
200706 53.770
200707 51.555
200708 60.202
200709 59.573
200710 57.762
200711 51.805
200712 44.927
200801 53.054
200802 45.133
200803 40.007
200804 48.518
200805 45.447
200806 40.177
200807 42.061
200808 41.061
200809 44.563
200810 48.925
200811 47.753
200812 41.634
200901 49.912
200902 45.064
200903 38.506
200904 48.767
200905 46.699
200906 45.293
200907 51.482
200908 31.310
200909 48.367
200910 52.894
200911 53.310
200912 46.632
201001 53.473
201002 44.999
201003 53.744
201004 51.679
201005 42.471
201006 38.523
201007 42.497
201008 30.012
201009 42.846
201010 42.559
201011 44.145
201012 33.730
201101 55.529
201102 51.140
201103 45.699
201104 52.189
201105 51.411
201106 44.588
201107 46.917
201108 29.599
201109 46.205
201110 40.056
201111 43.702
201112 26.289
201201 45.093
201202 48.303
201203 54.272
201204 40.667
201205 54.055
201206 51.097
201207 43.460
201208 31.655
201209 49.856
201210 54.024
201211 45.585
201212 39.632
201301 46.858
201302 42.250
201303 45.514
201304 44.147
201305 32.318
201306 42.364
201307 44.856
201308 31.228
201309 42.508
201310 43.071
201311 43.243
201312 37.002
201401 38.097
201402 34.265
201403 42.847
201404 36.409
201405 44.199
201406 44.695
201407 44.829
201408 43.046
201409 46.745
201410 48.240
201411 41.457
201412 38.149
201501 44.421
201502 35.914
201503 26.074
201504 47.382
