200601 1.038
200602 905
200603 1.121
200604 826
200605 1.005
200606 933
200607 1.066
200608 1.175
200609 1.073
200610 996
200611 1.039
200612 1.132
200701 923
200702 861
200703 2.268
200704 1.768
200705 3.382
200706 1.762
200707 3.603
200708 3.162
200709 2.411
200710 3.006
200711 3.898
200712 2.409
200801 2.568
200802 1.955
200803 1.694
200804 3.612
200805 3.096
200806 1.949
200807 2.677
200808 2.844
200809 2.733
200810 2.604
200811 3.873
200812 2.513
200901 1.930
200902 1.372
200903 1.510
200904 2.233
200905 1.624
200906 1.102
200907 1.805
200908 455
200909 1.184
200910 1.472
200911 1.385
200912 1.644
201001 1.700
201002 1.586
201003 1.980
201004 1.651
201005 1.645
201006 1.537
201007 1.784
201008 821
201009 1.334
201010 847
201011 962
201012 960
201101 876
201102 755
201103 1.112
201104 1.062
201105 857
201106 291
201107 0
201108 0
201109 0
201110 0
201111 0
201112 0
201201 2
201202 0
201203 0
201204 0
201205 69
201206 14
201207 810
201208 49
201209 1.066
201210 1.164
201211 1.105
201212 806
201301 1.033
201302 934
201303 970
201304 941
201305 1.093
201306 430
201307 534
201308 0
201309 0
201310 0
201311 0
201312 0
201401 0
201402 0
201403 0
201404 0
201405 0
201406 0
201407 0
201408 0
201409 0
201410 0
201411 0
201412 0
201501 0
201502 0
201503 0
201504 0
