200601 151.664
200602 135.575
200603 172.140
200604 168.952
200605 173.143
200606 164.734
200607 155.189
200608 143.643
200609 157.863
200610 165.049
200611 170.609
200612 170.775
200701 183.931
200702 166.805
200703 177.823
200704 167.642
200705 171.264
200706 186.962
200707 181.377
200708 154.271
200709 174.145
200710 190.651
200711 266.176
200712 258.433
200801 277.259
200802 346.212
200803 251.821
200804 500.542
200805 460.495
200806 469.644
200807 318.458
200808 456.088
200809 283.160
200810 165.878
200811 301.126
200812 448.599
200901 425.596
200902 378.919
200903 677.338
200904 295.606
200905 163.616
200906 593.507
200907 606.873
200908 573.854
200909 608.145
200910 660.394
200911 641.119
200912 605.902
201001 527.877
201002 479.541
201003 443.198
201004 504.050
201005 181.130
201006 383.075
201007 499.471
201008 464.965
201009 587.176
201010 500.268
201011 467.619
201012 422.314
201101 384.885
201102 293.799
201103 250.724
201104 182.168
201105 255.080
201106 231.088
201107 209.294
201108 344.401
201109 177.774
201110 216.201
201111 335.286
201112 352.966
201201 415.783
201202 347.388
201203 194.194
201204 204.966
201205 169.105
201206 159.894
201207 267.173
201208 223.405
201209 278.187
201210 164.409
201211 171.601
201212 191.734
201301 182.465
201302 167.511
201303 183.958
201304 174.928
201305 176.446
201306 168.362
201307 160.824
201308 146.731
201309 151.695
201310 160.409
201311 177.500
201312 167.048
201401 167.832
201402 123.726
201403 116.287
201404 148.797
201405 164.648
201406 156.786
201407 166.600
201408 172.094
201409 160.553
201410 177.194
201411 177.581
201412 165.196
201501 193.006
201502 180.622
201503 168.078
201504 149.528
