200601 7.239
200602 8.341
200603 8.722
200604 8.189
200605 7.694
200606 8.265
200607 8.390
200608 3.170
200609 7.183
200610 8.423
200611 9.107
200612 8.047
200701 377
200702 242
200703 369
200704 479
200705 74
200706 122
200707 7.892
200708 6.392
200709 8.415
200710 5.613
200711 28
200712 30
200801 11.122
200802 14.985
200803 12.909
200804 11.853
200805 9.984
200806 13.038
200807 13.031
200808 8.590
200809 15.979
200810 10.024
200811 10.366
200812 10.483
200901 11.544
200902 10.029
200903 12.330
200904 12.347
200905 11.248
200906 9.559
200907 12.285
200908 9.373
200909 9.365
200910 12.676
200911 12.972
200912 11.556
201001 11.281
201002 11.319
201003 12.000
201004 11.921
201005 10.743
201006 10.030
201007 17.319
201008 15.420
201009 13.711
201010 14.151
201011 13.568
201012 11.348
201101 8.556
201102 13.588
201103 16.754
201104 14.661
201105 13.995
201106 12.021
201107 15.309
201108 14.236
201109 24.882
201110 36.387
201111 33.643
201112 21.587
201201 16.594
201202 37.979
201203 14.008
201204 31.752
201205 43.135
201206 38.534
201207 31.713
201208 37.754
201209 31.281
201210 38.975
201211 26.573
201212 34.807
201301 43.225
201302 45.230
201303 49.290
201304 49.280
201305 33.143
201306 47.221
201307 40.680
201308 41.939
201309 36.264
201310 47.141
201311 46.011
201312 30.901
201401 44.465
201402 40.997
201403 43.725
201404 41.279
201405 33.524
201406 42.177
201407 25.936
201408 46.810
201409 45.650
201410 45.769
201411 45.807
201412 43.652
201501 44.258
201502 41.531
201503 47.977
201504 45.238
