200601 159.941
200602 148.036
200603 181.983
200604 177.967
200605 181.842
200606 173.932
200607 164.805
200608 147.988
200609 166.119
200610 174.468
200611 180.755
200612 179.954
200701 185.231
200702 167.908
200703 180.460
200704 169.889
200705 174.720
200706 188.846
200707 192.872
200708 163.825
200709 184.972
200710 199.270
200711 270.102
200712 260.872
200801 290.949
200802 363.152
200803 266.423
200804 516.007
200805 473.575
200806 484.631
200807 334.166
200808 467.522
200809 301.873
200810 178.507
200811 315.365
200812 461.595
200901 439.070
200902 390.320
200903 691.178
200904 310.186
200905 176.488
200906 604.168
200907 620.963
200908 583.682
200909 618.694
200910 674.542
200911 655.476
200912 619.102
201001 540.858
201002 492.445
201003 457.178
201004 517.622
201005 193.518
201006 394.642
201007 518.574
201008 481.206
201009 602.221
201010 515.266
201011 482.149
201012 434.622
201101 394.317
201102 308.142
201103 268.591
201104 197.890
201105 269.932
201106 243.400
201107 224.603
201108 358.637
201109 202.656
201110 252.588
201111 368.929
201112 374.553
201201 432.379
201202 385.367
201203 208.202
201204 236.718
201205 212.309
201206 198.442
201207 299.697
201208 261.208
201209 310.534
201210 204.548
201211 199.279
201212 227.347
201301 226.723
201302 213.675
201303 234.218
201304 225.149
201305 210.682
201306 216.013
201307 202.038
201308 188.670
201309 187.959
201310 207.550
201311 223.511
201312 197.949
201401 212.297
201402 164.723
201403 160.012
201404 190.076
201405 198.172
201406 198.963
201407 192.536
201408 218.904
201409 206.203
201410 222.963
201411 223.388
201412 208.848
201501 237.264
201502 222.153
201503 216.055
201504 194.766
