200601 704.350
200602 645.577
200603 566.475
200604 533.406
200605 615.843
200606 568.253
200607 778.101
200608 634.541
200609 512.822
200610 465.872
200611 567.622
200612 574.284
200701 734.228
200702 621.059
200703 714.832
200704 668.121
200705 789.467
200706 673.081
200707 739.990
200708 774.691
200709 613.717
200710 660.712
200711 722.666
200712 760.839
200801 616.539
200802 656.460
200803 360.574
200804 415.204
200805 142.150
200806 90.942
200807 547.698
200808 421.009
200809 476.573
200810 689.343
200811 649.593
200812 657.749
200901 743.785
200902 602.826
200903 655.718
200904 228.448
200905 294.247
200906 372.617
200907 418.007
200908 406.929
200909 485.285
200910 662.683
200911 479.751
200912 428.952
201001 460.770
201002 291.735
201003 132.953
201004 140.474
201005 177.022
201006 298.371
201007 496.618
201008 543.218
201009 609.302
201010 507.548
201011 312.152
201012 420.051
201101 359.488
201102 554.376
201103 327.419
201104 258.254
201105 222.084
201106 284.146
201107 548.559
201108 383.915
201109 576.594
201110 586.038
201111 497.930
201112 495.503
201201 563.605
201202 613.275
201203 606.808
201204 522.739
201205 419.545
201206 693.373
201207 665.897
201208 617.011
201209 329.123
201210 640.191
201211 603.330
201212 554.086
201301 626.481
201302 493.775
201303 324.771
201304 284.973
201305 360.740
201306 308.177
201307 621.483
201308 653.984
201309 581.559
201310 631.431
201311 539.902
201312 706.585
201401 464.830
201402 245.783
201403 291.998
201404 255.927
201405 541.724
201406 698.275
201407 730.600
201408 691.864
201409 607.441
201410 566.639
201411 252.332
201412 549.602
201501 743.625
201502 575.750
201503 556.414
201504 610.825
