200601 0
200602 0
200603 0
200604 0
200605 0
200606 0
200607 0
200608 0
200609 0
200610 0
200611 0
200612 0
200701 0
200702 0
200703 0
200704 0
200705 0
200706 0
200707 0
200708 0
200709 0
200710 0
200711 0
200712 0
200801 0
200802 0
200803 0
200804 0
200805 0
200806 0
200807 0
200808 0
200809 0
200810 0
200811 0
200812 0
200901 0
200902 0
200903 0
200904 0
200905 0
200906 0
200907 0
200908 0
200909 0
200910 0
200911 0
200912 0
201001 0
201002 0
201003 0
201004 0
201005 0
201006 0
201007 0
201008 0
201009 0
201010 0
201011 0
201012 0
201101 0
201102 0
201103 0
201104 4.953
201105 2.349
201106 2.349
201107 2.427
201108 0
201109 1.979
201110 2.783
201111 3.915
201112 5.468
201201 0
201202 4.955
201203 0
201204 5.188
201205 5.053
201206 3.657
201207 3.244
201208 552
201209 2.043
201210 4.051
201211 5.189
201212 5.027
201301 5.488
201302 4.965
201303 5.163
201304 4.316
201305 3.958
201306 2.944
201307 2.480
201308 338
201309 313
201310 1.476
201311 4.464
201312 5.449
201401 5.280
201402 4.870
201403 5.174
201404 4.096
201405 3.118
201406 2.588
201407 1.851
201408 76
201409 559
201410 2.741
201411 4.175
201412 5.362
201501 5.562
201502 4.669
201503 5.773
201504 4.811
