200601 839
200602 2.612
200603 694
200604 2.428
200605 2.122
200606 1.391
200607 885
200608 1.399
200609 1.471
200610 1.136
200611 1.044
200612 1.228
200701 1.551
200702 334
200703 534
200704 2.327
200705 1.158
200706 545
200707 1.061
200708 433
200709 1.397
200710 921
200711 0
200712 1.081
200801 1.319
200802 1.405
200803 2.728
200804 212
200805 1.067
200806 2.089
200807 1.150
200808 588
200809 1.214
200810 557
200811 1.979
200812 983
200901 645
200902 1.126
200903 733
200904 910
200905 1.242
200906 6.221
200907 4.648
200908 1.913
200909 2.065
200910 931
200911 1.795
200912 2.472
201001 1.681
201002 960
201003 2.959
201004 1.565
201005 2.309
201006 1.871
201007 1.351
201008 1.693
201009 585
201010 353
201011 443
201012 3.230
201101 1.911
201102 88
201103 1.158
201104 795
201105 1.988
201106 1.227
201107 1.486
201108 1.179
201109 1.167
201110 1.751
201111 1.152
201112 458
201201 3.242
201202 638
201203 983
201204 2.272
201205 2.451
201206 414
201207 396
201208 748
201209 2.112
201210 570
201211 2.329
201212 917
201301 1.099
201302 1.474
201303 715
201304 852
201305 779
201306 642
201307 3.148
201308 677
201309 2.152
201310 1.054
201311 1.495
201312 443
201401 942
201402 2.664
201403 1.258
201404 29
201405 1.125
201406 674
201407 12
201408 824
201409 1.768
201410 479
201411 2.089
201412 2.921
201501 323
201502 1.229
201503 1.888
201504 917
