200601 705.189
200602 648.189
200603 567.169
200604 535.834
200605 617.965
200606 569.644
200607 778.986
200608 635.940
200609 514.293
200610 467.008
200611 568.666
200612 575.512
200701 735.779
200702 621.393
200703 715.366
200704 670.448
200705 790.625
200706 673.626
200707 741.051
200708 775.124
200709 615.114
200710 661.633
200711 722.666
200712 761.920
200801 617.858
200802 657.865
200803 363.302
200804 415.416
200805 143.217
200806 93.031
200807 548.848
200808 421.597
200809 477.787
200810 689.900
200811 651.572
200812 658.732
200901 744.430
200902 603.952
200903 656.451
200904 229.358
200905 295.489
200906 378.838
200907 422.655
200908 408.842
200909 487.350
200910 663.614
200911 481.546
200912 431.424
201001 462.451
201002 292.695
201003 135.912
201004 142.039
201005 179.331
201006 300.242
201007 497.969
201008 544.911
201009 609.887
201010 507.901
201011 312.595
201012 423.281
201101 361.399
201102 554.464
201103 328.577
201104 264.002
201105 226.421
201106 287.722
201107 552.472
201108 385.094
201109 579.740
201110 590.572
201111 502.997
201112 501.429
201201 566.847
201202 618.868
201203 607.791
201204 530.199
201205 427.049
201206 697.444
201207 669.537
201208 618.311
201209 333.278
201210 652.247
201211 617.925
201212 566.318
201301 633.068
201302 500.214
201303 330.649
201304 290.141
201305 365.477
201306 311.763
201307 627.111
201308 654.999
201309 591.070
201310 641.717
201311 552.462
201312 719.022
201401 471.052
201402 253.317
201403 302.994
201404 262.094
201405 558.777
201406 715.813
201407 747.515
201408 706.784
201409 623.178
201410 582.157
201411 271.961
201412 572.588
201501 764.349
201502 594.790
201503 577.418
201504 620.995
