200601 54.817
200602 57.759
200603 62.939
200604 46.090
200605 52.638
200606 38.136
200607 34.587
200608 25.641
200609 37.668
200610 37.674
200611 36.047
200612 35.153
200701 36.724
200702 34.096
200703 39.998
200704 52.101
200705 82.658
200706 219.843
200707 272.001
200708 225.918
200709 509.409
200710 598.363
200711 528.490
200712 608.873
200801 511.252
200802 653.448
200803 548.821
200804 424.536
200805 311.167
200806 332.405
200807 382.990
200808 179.036
200809 298.097
200810 361.135
200811 460.508
200812 554.385
200901 627.966
200902 327.296
200903 588.432
200904 642.140
200905 682.595
200906 624.895
200907 731.823
200908 529.544
200909 497.955
200910 710.236
200911 322.200
200912 373.553
201001 385.315
201002 576.794
201003 460.847
201004 550.097
201005 575.592
201006 657.887
201007 703.602
201008 722.336
201009 740.758
201010 569.685
201011 421.322
201012 497.858
201101 493.099
201102 328.428
201103 282.548
201104 271.013
201105 389.165
201106 439.026
201107 473.778
201108 339.222
201109 407.187
201110 482.058
201111 398.690
201112 349.286
201201 421.110
201202 428.003
201203 377.813
201204 381.470
201205 407.459
201206 375.945
201207 282.250
201208 326.003
201209 383.890
201210 344.980
201211 362.611
201212 271.475
201301 304.706
201302 250.470
201303 215.315
201304 191.828
201305 219.519
201306 223.371
201307 384.169
201308 442.731
201309 459.582
201310 400.995
201311 335.325
201312 397.076
201401 283.889
201402 219.828
201403 255.374
201404 239.017
201405 295.476
201406 384.913
201407 381.777
201408 445.204
201409 517.312
201410 284.027
201411 357.880
201412 380.737
201501 376.959
201502 275.090
201503 287.102
201504 357.132
