200601 815.967
200602 741.660
200603 819.094
200604 577.890
200605 741.562
200606 790.814
200607 758.367
200608 814.107
200609 775.102
200610 819.137
200611 748.708
200612 816.991
200701 777.414
200702 734.794
200703 765.869
200704 657.788
200705 0
200706 0
200707 17.436
200708 165.204
200709 707.060
200710 816.953
200711 790.725
200712 807.509
200801 644.779
200802 748.687
200803 814.987
200804 617.007
200805 806.707
200806 723.818
200807 606.690
200808 634.364
200809 790.355
200810 586.907
200811 361.510
200812 820.623
200901 801.714
200902 737.380
200903 807.289
200904 790.993
200905 755.281
200906 775.047
200907 758.556
200908 713.634
200909 104.073
200910 193.429
200911 790.873
200912 820.706
201001 815.794
201002 739.164
201003 811.264
201004 793.783
201005 819.617
201006 782.864
201007 815.202
201008 811.609
201009 782.068
201010 789.346
201011 781.999
201012 806.454
201101 812.035
201102 722.966
201103 792.785
201104 788.638
201105 801.766
201106 779.904
201107 761.245
201108 736.196
201109 530.246
201110 0
201111 377.736
201112 797.064
201201 790.045
201202 730.501
201203 782.223
201204 635.690
201205 819.458
201206 791.911
201207 805.948
201208 814.562
201209 774.174
201210 820.151
201211 794.855
201212 817.264
201301 821.784
201302 732.351
201303 794.085
201304 775.561
201305 786.144
201306 784.470
201307 789.266
201308 755.700
201309 501.589
201310 10.774
201311 763.067
201312 822.898
201401 812.415
201402 743.102
201403 821.297
201404 772.639
201405 820.281
201406 746.735
201407 816.554
201408 802.816
201409 791.336
201410 798.962
201411 794.702
201412 749.084
201501 821.384
201502 720.159
201503 801.968
201504 650.642
