200601 2.881
200602 3.511
200603 4.039
200604 3.748
200605 4.034
200606 4.250
200607 3.346
200608 3.178
200609 3.210
200610 3.301
200611 3.418
200612 1.354
200701 3.390
200702 3.205
200703 2.967
200704 4.406
200705 3.883
200706 3.583
200707 3.834
200708 3.725
200709 3.563
200710 3.846
200711 3.280
200712 3.710
200801 3.582
200802 3.751
200803 3.937
200804 3.769
200805 4.554
200806 3.971
200807 3.737
200808 3.584
200809 3.391
200810 409
200811 3.076
200812 3.902
200901 3.911
200902 3.514
200903 4.182
200904 4.033
200905 4.197
200906 3.477
200907 3.878
200908 3.843
200909 4.262
200910 4.274
200911 3.832
200912 3.820
201001 3.714
201002 3.068
201003 3.608
201004 3.705
201005 3.769
201006 3.537
201007 3.386
201008 3.519
201009 3.310
201010 3.695
201011 3.711
201012 3.910
201101 2.785
201102 3.606
201103 3.930
201104 3.673
201105 2.678
201106 3.783
201107 3.881
201108 3.651
201109 3.843
201110 4.085
201111 3.752
201112 3.883
201201 3.410
201202 2.845
201203 4.399
201204 4.771
201205 4.699
201206 4.546
201207 4.339
201208 5.119
201209 4.930
201210 5.146
201211 3.790
201212 5.675
201301 6.046
201302 5.125
201303 5.449
201304 5.179
201305 5.480
201306 5.124
201307 4.612
201308 3.771
201309 4.677
201310 2.147
201311 5.044
201312 5.302
201401 5.474
201402 4.483
201403 5.705
201404 4.915
201405 4.775
201406 4.671
201407 4.530
201408 3.869
201409 3.559
201410 4.317
201411 4.134
201412 4.158
201501 4.349
201502 4.124
201503 4.599
201504 3.743
