200601 108972
200602 92453
200603 78098
200604 97214
200605 94738
200606 107436
200607 111834
200608 87164
200609 83171
200610 38911
200611 108679
200612 90676
200701 82746
200702 52116
200703 48430
200704 99174
200705 65061
200706 75054
200707 98201
200708 70007
200709 81846
200710 66688
200711 0
200712 33016
200801 100661
200802 102279
200803 23018
200804 0
200805 0
200806 0
200807 15926
200808 33923
200809 79013
200810 61320
200811 42922
200812 0
200901 0
200902 0
200903 0
200904 0
200905 0
200906 0
200907 58037
200908 75773
200909 73548
200910 60108
200911 64327
200912 60214
201001 22363
201002 44858
201003 19933
201004 51528
201005 56008
201006 71808
201007 65281
201008 65170
201009 72229
201010 36195
201011 0
201012 8518
201101 0
201102 0
201103 0
201104 0
201105 0
201106 0
201107 0
201108 0
201109 0
201110 0
201111 0
201112 12927
201201 0
201202 0
201203 0
201204 0
201205 0
201206 0
201207 0
201208 0
201209 0
201210 0
201211 0
201212 0
201301 0
201302 0
201303 0
201304 0
201305 0
201306 0
201307 0
201308 0
201309 0
201310 0
201311 0
201312 0
201401 0
201402 0
201403 0
201404 0
201405 0
201406 0
201407 0
201408 0
201409 0
201410 0
201411 0
201412 0
201501 0
201502 0
201503 0
201504 0
