200601 864297
200602 825879
200603 741347
200604 742498
200605 774677
200606 847150
200607 1018690
200608 711588
200609 781302
200610 569177
200611 631191
200612 607251
200701 695831
200702 613498
200703 657154
200704 677341
200705 628552
200706 773601
200707 816362
200708 598809
200709 590850
200710 654999
200711 684983
200712 706519
200801 741190
200802 666462
200803 691649
200804 568457
200805 480084
200806 457408
200807 670308
200808 720860
200809 780279
200810 751343
200811 633760
200812 547978
200901 525630
200902 562762
200903 526055
200904 484095
200905 580037
200906 599182
200907 749002
200908 718582
200909 659810
200910 641427
200911 483583
200912 648162
201001 613079
201002 558512
201003 516199
201004 573819
201005 639224
201006 715350
201007 656033
201008 688136
201009 692030
201010 797629
201011 814353
201012 650364
201101 732955
201102 922180
201103 914273
201104 661821
201105 715148
201106 560143
201107 512423
201108 698725
201109 634521
201110 651859
201111 626636
201112 609850
201201 724934
201202 677021
201203 522673
201204 499641
201205 619161
201206 709127
201207 726254
201208 741252
201209 673828
201210 687355
201211 701096
201212 648946
201301 717858
201302 577061
201303 507521
201304 507461
201305 571728
201306 481998
201307 742834
201308 622772
201309 625085
201310 627311
201311 623318
201312 694713
201401 502588
201402 443553
201403 455643
201404 378893
201405 493591
201406 566685
201407 625135
201408 620388
201409 636379
201410 598828
201411 624787
201412 660069
201501 684506
201502 594746
201503 646776
201504 627261
