200601 705189
200602 648189
200603 567169
200604 535834
200605 617965
200606 569644
200607 778986
200608 635940
200609 514293
200610 467008
200611 568666
200612 575512
200701 735779
200702 621393
200703 715366
200704 670448
200705 790625
200706 673626
200707 741051
200708 775124
200709 615114
200710 661633
200711 722666
200712 761920
200801 617858
200802 657865
200803 363302
200804 415416
200805 143217
200806 93031
200807 548848
200808 421597
200809 477787
200810 689900
200811 651572
200812 658732
200901 744430
200902 603952
200903 656451
200904 229358
200905 295489
200906 378838
200907 422655
200908 408842
200909 487350
200910 663614
200911 481546
200912 431424
201001 462451
201002 292695
201003 135912
201004 142039
201005 179331
201006 300242
201007 497969
201008 544911
201009 609887
201010 507901
201011 312595
201012 423281
201101 361399
201102 554464
201103 328577
201104 264002
201105 226421
201106 287722
201107 552472
201108 385094
201109 579740
201110 590572
201111 502997
201112 501429
201201 566847
201202 618868
201203 607791
201204 530199
201205 427049
201206 697444
201207 669537
201208 618311
201209 333278
201210 652247
201211 617925
201212 566318
201301 633068
201302 500214
201303 330649
201304 290141
201305 365477
201306 311763
201307 627111
201308 654999
201309 591070
201310 641717
201311 552462
201312 719022
201401 471052
201402 253317
201403 302994
201404 262094
201405 558777
201406 715813
201407 747515
201408 706784
201409 623178
201410 582157
201411 271961
201412 572588
201501 764349
201502 594790
201503 577418
201504 620995
