200601 102672
200602 95350
200603 96201
200604 85454
200605 94009
200606 85220
200607 88984
200608 74088
200609 80709
200610 82448
200611 87401
200612 88192
200701 96318
200702 82105
200703 93226
200704 88987
200705 83735
200706 61031
200707 89142
200708 71142
200709 78839
200710 88249
200711 94413
200712 106821
200801 89257
200802 89764
200803 93169
200804 93209
200805 90641
200806 87653
200807 87570
200808 56599
200809 67501
200810 61816
200811 86595
200812 82206
200901 95577
200902 82020
200903 88294
200904 77346
200905 81526
200906 80916
200907 87876
200908 78010
200909 89681
200910 84914
200911 93738
200912 90806
201001 70182
201002 60026
201003 92993
201004 89639
201005 81065
201006 89279
201007 95618
201008 81202
201009 84604
201010 93346
201011 82778
201012 89952
201101 99990
201102 79357
201103 90809
201104 83037
201105 84292
201106 88045
201107 87679
201108 76118
201109 82371
201110 49502
201111 78972
201112 69529
201201 76208
201202 74320
201203 74023
201204 74408
201205 74284
201206 77062
201207 73179
201208 79824
201209 76764
201210 90306
201211 84754
201212 95654
201301 84706
201302 72830
201303 86395
201304 66779
201305 59168
201306 44771
201307 55068
201308 33909
201309 50253
201310 51051
201311 52417
201312 54383
201401 53665
201402 30615
201403 38065
201404 39772
201405 45827
201406 48517
201407 43965
201408 36295
201409 41924
201410 46780
201411 41162
201412 51138
201501 41057
201502 34185
201503 41702
201504 37017
