200601 580
200602 739
200603 32539
200604 31861
200605 31029
200606 28795
200607 28260
200608 25532
200609 55516
200610 61057
200611 40811
200612 72034
200701 42264
200702 32080
200703 32207
200704 37423
200705 38033
200706 34178
200707 33487
200708 29797
200709 36499
200710 33046
200711 39219
200712 40827
200801 41976
200802 37533
200803 41290
200804 39049
200805 36538
200806 37097
200807 37190
200808 25179
200809 25799
200810 39796
200811 39324
200812 31025
200901 6171
200902 6861
200903 6756
200904 7006
200905 12035
200906 30707
200907 32441
200908 30182
200909 35482
200910 37885
200911 35781
200912 39285
201001 40504
201002 37676
201003 37679
201004 31858
201005 32456
201006 29464
201007 25820
201008 23693
201009 27130
201010 31678
201011 32262
201012 19030
201101 32456
201102 29778
201103 32449
201104 30281
201105 25614
201106 29348
201107 30337
201108 26305
201109 28543
201110 31004
201111 30467
201112 33321
201201 33272
201202 28359
201203 32157
201204 32263
201205 28985
201206 28711
201207 29553
201208 26252
201209 29517
201210 38540
201211 37284
201212 36821
201301 31831
201302 21684
201303 31953
201304 31617
201305 32520
201306 30131
201307 29689
201308 25974
201309 30398
201310 26714
201311 31884
201312 33577
201401 32071
201402 9671
201403 16774
201404 17942
201405 29529
201406 26554
201407 29968
201408 23613
201409 29292
201410 30381
201411 22928
201412 24451
201501 31487
201502 26111
201503 33006
201504 29215
