200601 256.601
200602 219.908
200603 245.493
200604 210.908
200605 211.526
200606 190.770
200607 202.701
200608 195.773
200609 216.820
200610 175.166
200611 179.791
200612 184.847
200701 186.965
200702 166.630
200703 201.069
200704 226.504
200705 179.292
200706 221.132
200707 192.013
200708 196.930
200709 191.570
200710 209.975
200711 189.823
200712 213.128
200801 211.091
200802 201.922
200803 195.526
200804 197.500
200805 231.125
200806 174.974
200807 208.790
200808 214.315
200809 205.416
200810 215.834
200811 203.009
200812 213.547
200901 215.304
200902 179.059
200903 198.804
200904 178.850
200905 231.482
200906 187.284
200907 191.642
200908 208.691
200909 214.282
200910 222.191
200911 179.506
200912 196.116
201001 197.456
201002 166.697
201003 183.028
201004 173.643
201005 186.798
201006 181.034
201007 185.258
201008 200.852
201009 193.653
201010 144.301
201011 149.394
201012 174.662
201101 175.697
201102 160.479
201103 182.553
201104 170.604
201105 150.955
201106 165.302
201107 171.716
201108 149.405
201109 138.995
201110 148.551
201111 104.910
201112 131.843
201201 156.275
201202 140.860
201203 163.741
201204 153.281
201205 154.086
201206 164.636
201207 168.691
201208 181.466
201209 162.583
201210 156.074
201211 166.035
201212 150.384
201301 154.026
201302 147.678
201303 168.102
201304 149.052
201305 162.283
201306 142.363
201307 166.620
201308 167.114
201309 165.684
201310 152.000
201311 163.136
201312 171.533
201401 171.751
201402 145.238
201403 120.054
201404 117.367
201405 142.159
201406 144.696
201407 155.515
201408 160.866
201409 140.979
201410 127.052
201411 152.888
201412 147.796
201501 160.840
201502 139.559
201503 153.724
201504 127.654
