200601 72.063
200602 81.472
200603 82.767
200604 101.242
200605 108.414
200606 134.177
200607 136.041
200608 153.746
200609 137.284
200610 179.098
200611 153.525
200612 159.629
200701 160.231
200702 139.831
200703 132.782
200704 97.964
200705 152.102
200706 110.100
200707 158.354
200708 158.861
200709 158.335
200710 155.146
200711 161.879
200712 146.112
200801 150.904
200802 132.403
200803 146.838
200804 140.235
200805 115.946
200806 158.336
200807 128.400
200808 142.557
200809 151.851
200810 135.948
200811 136.396
200812 142.989
200901 135.107
200902 128.990
200903 130.057
200904 131.124
200905 89.155
200906 138.821
200907 131.309
200908 141.343
200909 133.037
200910 141.749
200911 158.427
200912 151.968
201001 147.619
201002 135.529
201003 150.406
201004 144.741
201005 130.056
201006 135.403
201007 152.095
201008 138.112
201009 140.381
201010 200.602
201011 183.994
201012 166.067
201101 160.811
201102 138.005
201103 142.428
201104 139.001
201105 169.230
201106 158.238
201107 154.027
201108 168.860
201109 192.502
201110 191.242
201111 220.968
201112 198.635
201201 182.509
201202 171.069
201203 160.157
201204 132.837
201205 160.664
201206 151.421
201207 159.898
201208 163.769
201209 175.779
201210 184.361
201211 151.535
201212 174.227
201301 164.682
201302 138.867
201303 144.536
201304 139.553
201305 139.870
201306 146.631
201307 152.853
201308 152.670
201309 142.491
201310 130.452
201311 141.730
201312 144.017
201401 141.123
201402 139.723
201403 173.143
201404 165.613
201405 147.617
201406 148.042
201407 150.390
201408 143.871
201409 180.610
201410 197.640
201411 151.062
201412 163.667
201501 148.359
201502 141.496
201503 145.994
201504 157.085
