200601 328.664
200602 301.380
200603 328.260
200604 312.150
200605 319.940
200606 324.947
200607 338.742
200608 349.519
200609 354.104
200610 354.264
200611 333.316
200612 344.476
200701 347.196
200702 306.461
200703 333.851
200704 324.468
200705 331.394
200706 331.232
200707 350.367
200708 355.791
200709 349.905
200710 365.121
200711 351.702
200712 359.240
200801 361.995
200802 334.325
200803 342.364
200804 337.735
200805 347.071
200806 333.310
200807 337.190
200808 356.872
200809 357.267
200810 351.782
200811 339.405
200812 356.536
200901 350.411
200902 308.049
200903 328.861
200904 309.974
200905 320.637
200906 326.105
200907 322.951
200908 350.034
200909 347.319
200910 363.940
200911 337.933
200912 348.084
201001 345.075
201002 302.226
201003 333.434
201004 318.384
201005 316.854
201006 316.437
201007 337.353
201008 338.964
201009 334.034
201010 344.903
201011 333.388
201012 340.729
201101 336.508
201102 298.484
201103 324.981
201104 309.605
201105 320.185
201106 323.540
201107 325.743
201108 318.265
201109 331.497
201110 339.793
201111 325.878
201112 330.478
201201 338.784
201202 311.929
201203 323.898
201204 286.118
201205 314.750
201206 316.057
201207 328.589
201208 345.235
201209 338.362
201210 340.435
201211 317.570
201212 324.611
201301 318.708
201302 286.545
201303 312.638
201304 288.605
201305 302.153
201306 288.994
201307 319.473
201308 319.784
201309 308.175
201310 282.452
201311 304.866
201312 315.550
201401 312.874
201402 284.961
201403 293.197
201404 282.980
201405 289.776
201406 292.738
201407 305.905
201408 304.737
201409 321.589
201410 324.692
201411 303.950
201412 311.463
201501 309.199
201502 281.055
201503 299.718
201504 284.739
