200601 704350
200602 645577
200603 566475
200604 533406
200605 615843
200606 568253
200607 778101
200608 634541
200609 512822
200610 465872
200611 567622
200612 574284
200701 734228
200702 621059
200703 714832
200704 668121
200705 789467
200706 673081
200707 739990
200708 774691
200709 613717
200710 660712
200711 722666
200712 760839
200801 616539
200802 656460
200803 360574
200804 415204
200805 142150
200806 90942
200807 547698
200808 421009
200809 476573
200810 689343
200811 649593
200812 657749
200901 743785
200902 602826
200903 655718
200904 228448
200905 294247
200906 372617
200907 418007
200908 406929
200909 485285
200910 662683
200911 479751
200912 428952
201001 460770
201002 291735
201003 132953
201004 140474
201005 177022
201006 298371
201007 496618
201008 543218
201009 609302
201010 507548
201011 312152
201012 420051
201101 359488
201102 554376
201103 327419
201104 258254
201105 222084
201106 284146
201107 548559
201108 383915
201109 576594
201110 586038
201111 497930
201112 495503
201201 563605
201202 613275
201203 606808
201204 522739
201205 419545
201206 693373
201207 665897
201208 617011
201209 329123
201210 640191
201211 603330
201212 554086
201301 626481
201302 493775
201303 324771
201304 284973
201305 360740
201306 308177
201307 621483
201308 653984
201309 581559
201310 631431
201311 539902
201312 706585
201401 464830
201402 245783
201403 291998
201404 255927
201405 541724
201406 698275
201407 730600
201408 691864
201409 607441
201410 566639
201411 252332
201412 549602
201501 743625
201502 575750
201503 556414
201504 610825
