200601 0
200602 0
200603 0
200604 0
200605 0
200606 0
200607 0
200608 0
200609 0
200610 0
200611 0
200612 0
200701 0
200702 0
200703 0
200704 0
200705 0
200706 0
200707 0
200708 0
200709 0
200710 0
200711 0
200712 0
200801 0
200802 0
200803 0
200804 0
200805 0
200806 0
200807 0
200808 0
200809 0
200810 0
200811 0
200812 0
200901 0
200902 0
200903 0
200904 0
200905 0
200906 0
200907 0
200908 0
200909 0
200910 0
200911 0
200912 0
201001 0
201002 0
201003 0
201004 0
201005 0
201006 0
201007 0
201008 0
201009 0
201010 0
201011 0
201012 0
201101 0
201102 0
201103 0
201104 0
201105 0
201106 0
201107 0
201108 0
201109 0
201110 0
201111 0
201112 0
201201 0
201202 0
201203 0
201204 0
201205 0
201206 0
201207 0
201208 0
201209 0
201210 7435
201211 7077
201212 6288
201301 0
201302 0
201303 0
201304 0
201305 0
201306 0
201307 0
201308 0
201309 7047
201310 7756
201311 6601
201312 6545
201401 0
201402 0
201403 4564
201404 2042
201405 12810
201406 14276
201407 15052
201408 14020
201409 13410
201410 12298
201411 13365
201412 14703
201501 14839
201502 13142
201503 13343
201504 4443
