200601 0
200602 0
200603 0
200604 0
200605 0
200606 0
200607 0
200608 0
200609 0
200610 0
200611 0
200612 0
200701 0
200702 0
200703 0
200704 0
200705 0
200706 0
200707 0
200708 0
200709 0
200710 0
200711 0
200712 0
200801 0
200802 0
200803 0
200804 0
200805 0
200806 0
200807 0
200808 0
200809 0
200810 0
200811 0
200812 0
200901 0
200902 0
200903 0
200904 0
200905 0
200906 0
200907 0
200908 0
200909 0
200910 0
200911 0
200912 0
201001 0
201002 0
201003 0
201004 0
201005 0
201006 0
201007 0
201008 0
201009 0
201010 0
201011 0
201012 0
201101 0
201102 0
201103 0
201104 4953
201105 2349
201106 2349
201107 2427
201108 0
201109 1979
201110 2783
201111 3915
201112 5468
201201 0
201202 4955
201203 0
201204 5188
201205 5053
201206 3657
201207 3244
201208 552
201209 2043
201210 4051
201211 5189
201212 5027
201301 5488
201302 4965
201303 5163
201304 4316
201305 3958
201306 2944
201307 2480
201308 338
201309 313
201310 1476
201311 4464
201312 5449
201401 5280
201402 4870
201403 5174
201404 4096
201405 3118
201406 2588
201407 1851
201408 76
201409 559
201410 2741
201411 4175
201412 5362
201501 5562
201502 4669
201503 5773
201504 4811
