200601 22.162
200602 22.990
200603 20.803
200604 17.993
200605 24.206
200606 21.451
200607 20.593
200608 21.231
200609 23.337
200610 21.443
200611 29.087
200612 14.890
200701 28.745
200702 26.088
200703 23.514
200704 33.407
200705 42.542
200706 40.513
200707 50.153
200708 40.511
200709 48.849
200710 42.954
200711 39.218
200712 41.698
200801 57.885
200802 56.500
200803 59.835
200804 56.381
200805 57.085
200806 51.689
200807 58.111
200808 55.113
200809 53.355
200810 53.546
200811 45.978
200812 44.076
200901 53.512
200902 50.556
200903 51.532
200904 59.485
200905 40.995
200906 14.409
200907 53.506
200908 48.584
200909 66.445
200910 43.741
200911 47.466
200912 50.669
201001 47.757
201002 38.095
201003 55.739
201004 53.489
201005 55.986
201006 58.060
201007 57.496
201008 27.545
201009 37.743
201010 40.514
201011 40.923
201012 60.178
201101 96.638
201102 86.347
201103 56.105
201104 70.007
201105 68.831
201106 72.634
201107 66.563
201108 54.933
201109 43.528
201110 45.102
201111 60.641
201112 64.477
201201 46.659
201202 64.320
201203 54.989
201204 54.551
201205 55.395
201206 52.409
201207 50.034
201208 59.596
201209 56.735
201210 75.805
201211 54.778
201212 77.707
201301 47.408
201302 34.608
201303 61.666
201304 59.500
201305 67.336
201306 54.188
201307 63.211
201308 38.920
201309 55.100
201310 50.180
201311 48.915
201312 57.502
201401 50.553
201402 36.227
201403 15.583
201404 12.286
201405 19.142
201406 21.657
201407 16.780
201408 14.612
201409 18.926
201410 19.308
201411 17.332
201412 19.164
201501 18.635
201502 15.615
201503 17.227
201504 18.260
