200601 104
200602 51
200603 0
200604 31
200605 17
200606 18
200607 29
200608 44
200609 30
200610 35
200611 35
200612 42
200701 30
200702 0
200703 32
200704 41
200705 131
200706 35
200707 206
200708 27
200709 35
200710 35
200711 42
200712 2
200801 0
200802 0
200803 0
200804 0
200805 0
200806 0
200807 0
200808 0
200809 0
200810 0
200811 0
200812 0
200901 0
200902 0
200903 0
200904 0
200905 0
200906 0
200907 0
200908 0
200909 0
200910 0
200911 0
200912 0
201001 1.153
201002 1.056
201003 1.332
201004 1.332
201005 1.406
201006 1.459
201007 0
201008 0
201009 1.499
201010 1.386
201011 1.443
201012 1.446
201101 0
201102 0
201103 1.291
201104 905
201105 1.400
201106 1.394
201107 1.302
201108 0
201109 0
201110 1.381
201111 0
201112 1.260
201201 0
201202 1.415
201203 1.459
201204 998
201205 1.150
201206 1.056
201207 1.443
201208 0
201209 1.045
201210 1.143
201211 1.084
201212 986
201301 1.079
201302 816
201303 648
201304 1.044
201305 1.431
201306 1.369
201307 1.516
201308 0
201309 1.399
201310 1.526
201311 1.342
201312 0
201401 0
201402 0
201403 0
201404 0
201405 0
201406 0
201407 0
201408 0
201409 0
201410 0
201411 0
201412 0
201501 680
201502 1.150
201503 1.417
201504 0
