200601 22.938
200602 23.763
200603 20.803
200604 18.655
200605 24.958
200606 22.284
200607 21.285
200608 22.009
200609 24.133
200610 22.252
200611 29.874
200612 15.570
200701 29.603
200702 26.858
200703 23.985
200704 34.102
200705 43.339
200706 41.329
200707 51.159
200708 40.562
200709 49.554
200710 43.795
200711 39.999
200712 41.700
200801 58.697
200802 57.305
200803 60.650
200804 57.200
200805 57.898
200806 52.446
200807 58.111
200808 55.113
200809 53.355
200810 53.546
200811 45.978
200812 44.076
200901 53.512
200902 50.556
200903 51.532
200904 59.485
200905 40.995
200906 14.409
200907 53.506
200908 48.584
200909 66.445
200910 43.741
200911 47.466
200912 50.669
201001 48.910
201002 39.151
201003 57.071
201004 54.821
201005 57.392
201006 59.519
201007 57.496
201008 27.545
201009 39.242
201010 41.900
201011 42.366
201012 61.624
201101 96.638
201102 86.347
201103 57.396
201104 70.912
201105 70.231
201106 74.028
201107 67.865
201108 54.933
201109 43.528
201110 46.483
201111 60.641
201112 65.737
201201 46.659
201202 65.735
201203 56.448
201204 55.549
201205 56.545
201206 53.465
201207 51.477
201208 59.596
201209 57.780
201210 76.948
201211 55.862
201212 78.693
201301 48.487
201302 35.424
201303 62.314
201304 60.544
201305 68.767
201306 55.557
201307 64.727
201308 38.920
201309 56.499
201310 51.706
201311 50.257
201312 57.502
201401 50.553
201402 36.227
201403 15.583
201404 12.286
201405 19.142
201406 21.657
201407 16.780
201408 14.612
201409 18.926
201410 19.308
201411 17.332
201412 19.164
201501 19.315
201502 16.765
201503 18.644
201504 18.260
