200601 3.843
200602 3.572
200603 4.103
200604 3.301
200605 3.883
200606 4.023
200607 3.832
200608 4.013
200609 0
200610 10.090
200611 10.314
200612 8.414
200701 10.290
200702 8.529
200703 10.357
200704 9.266
200705 9.743
200706 17.389
200707 16.997
200708 18.114
200709 15.117
200710 16.494
200711 16.796
200712 17.003
200801 0
200802 5.184
200803 15.313
200804 14.825
200805 16.306
200806 14.850
200807 13.742
200808 4
200809 10.233
200810 10.395
200811 9.221
200812 8.773
200901 7.732
200902 7.623
200903 9.156
200904 10.419
200905 9.617
200906 9.150
200907 9.547
200908 8
200909 10.207
200910 10.153
200911 10.078
200912 9.735
201001 8.573
201002 9.411
201003 9.298
201004 0
201005 96
201006 137
201007 82
201008 0
201009 89
201010 89
201011 82
201012 82
201101 89
201102 82
201103 10.680
201104 9.870
201105 10.222
201106 10.037
201107 10.027
201108 0
201109 10.336
201110 9.397
201111 9.969
201112 9.091
201201 10.317
201202 8.620
201203 8.473
201204 8.127
201205 8.340
201206 7.833
201207 8.966
201208 0
201209 9.112
201210 8.634
201211 8.127
201212 7.290
201301 8.542
201302 7.406
201303 8.017
201304 8.515
201305 8.515
201306 7.736
201307 8.521
201308 0
201309 8.166
201310 8.229
201311 6.984
201312 6.812
201401 8.396
201402 2.541
201403 6.632
201404 6.216
201405 7.147
201406 9.347
201407 10.652
201408 9.269
201409 9.151
201410 9.681
201411 6.197
201412 6.964
201501 8.170
201502 8.345
201503 11.103
201504 10.615
