200601 1.564
200602 5.035
200603 5.579
200604 4.485
200605 4.727
200606 3.781
200607 5.024
200608 4.316
200609 4.723
200610 4.535
200611 5.299
200612 4.466
200701 5.590
200702 4.825
200703 5.782
200704 4.807
200705 5.127
200706 5.061
200707 3.784
200708 3.768
200709 3.108
200710 3.793
200711 3.708
200712 3.265
200801 5.073
200802 5.909
200803 5.189
200804 5.893
200805 5.635
200806 4.661
200807 4.733
200808 2.387
200809 5.158
200810 5.549
200811 5.387
200812 4.887
200901 5.069
200902 5.155
200903 3.153
200904 6.882
200905 7.158
200906 7.175
200907 7.788
200908 898
200909 6.962
200910 6.963
200911 6.798
200912 6.543
201001 7.638
201002 7.350
201003 8.410
201004 8.097
201005 17.012
201006 18.899
201007 19.252
201008 1.833
201009 19.057
201010 19.079
201011 18.430
201012 12.135
201101 19.212
201102 18.444
201103 10.055
201104 8.676
201105 7.814
201106 7.138
201107 9.155
201108 7.593
201109 1.850
201110 1.636
201111 2.068
201112 2.089
201201 2.106
201202 9.337
201203 8.911
201204 7.793
201205 695
201206 2.001
201207 1.824
201208 6.544
201209 1.984
201210 2.240
201211 2.145
201212 1.581
201301 2.476
201302 2.459
201303 2.546
201304 2.622
201305 2.194
201306 2.034
201307 2.193
201308 41
201309 1.988
201310 2.341
201311 2.093
201312 2.040
201401 2.188
201402 1.435
201403 977
201404 702
201405 320
201406 326
201407 380
201408 30
201409 331
201410 358
201411 307
201412 161
201501 281
201502 296
201503 359
201504 287
