200601 5.501
200602 8.696
200603 9.682
200604 7.855
200605 8.675
200606 7.893
200607 8.945
200608 8.438
200609 4.723
200610 14.748
200611 15.720
200612 12.984
200701 16.062
200702 13.511
200703 16.248
200704 14.143
200705 14.930
200706 22.456
200707 20.806
200708 21.913
200709 18.250
200710 20.325
200711 20.540
200712 20.299
200801 5.073
200802 11.105
200803 20.540
200804 20.774
200805 21.983
200806 19.549
200807 18.538
200808 2.391
200809 15.538
200810 16.034
200811 14.702
200812 13.739
200901 12.864
200902 12.838
200903 12.381
200904 17.393
200905 16.851
200906 16.410
200907 17.426
200908 914
200909 17.260
200910 17.201
200911 16.961
200912 16.581
201001 16.286
201002 16.843
201003 17.781
201004 8.097
201005 17.108
201006 19.036
201007 19.334
201008 1.833
201009 19.146
201010 19.168
201011 18.512
201012 12.217
201101 19.301
201102 18.526
201103 20.813
201104 18.612
201105 18.114
201106 17.253
201107 19.260
201108 7.662
201109 12.276
201110 11.111
201111 12.109
201112 11.252
201201 12.495
201202 18.029
201203 17.444
201204 15.980
201205 9.101
201206 9.894
201207 10.898
201208 6.548
201209 11.186
201210 10.934
201211 10.326
201212 8.925
201301 11.078
201302 9.919
201303 10.629
201304 11.197
201305 10.781
201306 9.824
201307 10.786
201308 41
201309 10.214
201310 10.636
201311 9.137
201312 8.912
201401 10.638
201402 3.994
201403 7.663
201404 6.972
201405 7.533
201406 9.715
201407 11.074
201408 9.329
201409 9.560
201410 10.069
201411 6.534
201412 7.143
201501 8.481
201502 8.683
201503 11.504
201504 10.932
