200601 6.596
200602 6.678
200603 4.415
200604 5.811
200605 5.043
200606 4.801
200607 6.079
200608 4.371
200609 5.190
200610 6.530
200611 3.394
200612 6.774
200701 7.204
200702 5.402
200703 6.285
200704 5.959
200705 5.271
200706 6.031
200707 4.553
200708 4.579
200709 4.463
200710 4.608
200711 3.427
200712 4.140
200801 4.545
200802 4.162
200803 4.465
200804 1.853
200805 61
200806 25
200807 0
200808 0
200809 0
200810 0
200811 0
200812 0
200901 0
200902 0
200903 102
200904 676
200905 0
200906 4.012
200907 3.985
200908 26
200909 4.221
200910 3.957
200911 4.055
200912 3.498
201001 3.247
201002 3.125
201003 4.400
201004 3.309
201005 3.241
201006 3.951
201007 3.987
201008 0
201009 3.830
201010 3.978
201011 0
201012 3.838
201101 2.843
201102 3.132
201103 0
201104 0
201105 0
201106 0
201107 0
201108 0
201109 0
201110 0
201111 0
201112 0
201201 0
201202 0
201203 0
201204 0
201205 0
201206 0
201207 0
201208 0
201209 0
201210 0
201211 0
201212 0
201301 0
201302 0
201303 0
201304 0
201305 0
201306 0
201307 0
201308 0
201309 0
201310 0
201311 0
201312 0
201401 0
201402 0
201403 0
201404 0
201405 0
201406 0
201407 0
201408 0
201409 0
201410 0
201411 0
201412 0
201501 0
201502 0
201503 0
201504 0
