200601 82.384
200602 73.027
200603 80.639
200604 76.264
200605 78.651
200606 75.640
200607 81.564
200608 51.566
200609 79.225
200610 76.733
200611 78.731
200612 77.352
200701 85.636
200702 72.495
200703 82.568
200704 73.367
200705 67.345
200706 78.989
200707 85.404
200708 59.270
200709 72.651
200710 62.026
200711 77.874
200712 78.969
200801 76.833
200802 74.645
200803 37.256
200804 81.759
200805 81.461
200806 71.822
200807 77.778
200808 70.028
200809 70.894
200810 75.390
200811 72.155
200812 70.426
200901 66.144
200902 68.300
200903 126.176
200904 81.909
200905 69.090
200906 33.801
200907 47.387
200908 63.651
200909 73.287
200910 72.681
200911 73.934
200912 60.809
201001 59.253
201002 70.419
201003 90.548
201004 81.133
201005 75.581
201006 74.447
201007 79.256
201008 74.850
201009 66.076
201010 35.058
201011 35.038
201012 86.579
201101 99.709
201102 93.424
201103 104.817
201104 71.433
201105 71.955
201106 76.731
201107 77.700
201108 75.116
201109 67.968
201110 70.137
201111 90.499
201112 85.292
201201 63.896
201202 71.962
201203 56.973
201204 44.226
201205 69.279
201206 70.940
201207 77.080
201208 76.254
201209 68.923
201210 78.007
201211 76.644
201212 68.498
201301 71.082
201302 61.229
201303 66.615
201304 45.830
201305 68.502
201306 67.271
201307 76.857
201308 73.435
201309 72.549
201310 69.178
201311 69.013
201312 66.044
201401 70.912
201402 51.564
201403 67.034
201404 62.930
201405 56.569
201406 64.914
201407 60.468
201408 63.713
201409 64.814
201410 66.463
201411 62.978
201412 57.095
201501 63.260
201502 56.849
201503 56.582
201504 55.318
