200601 21.737
200602 19.659
200603 21.594
200604 21.351
200605 22.812
200606 21.103
200607 19.141
200608 9.102
200609 15.740
200610 20.821
200611 23.277
200612 21.728
200701 21.129
200702 20.896
200703 23.620
200704 21.538
200705 22.100
200706 20.849
200707 18.353
200708 12.753
200709 16.537
200710 23.020
200711 22.160
200712 23.194
200801 23.877
200802 21.241
200803 23.879
200804 22.223
200805 23.910
200806 20.130
200807 19.415
200808 4.643
200809 14.105
200810 23.136
200811 22.566
200812 22.743
200901 22.827
200902 20.630
200903 22.897
200904 22.216
200905 23.623
200906 22.680
200907 21.084
200908 12.088
200909 16.712
200910 23.538
200911 22.705
200912 22.225
201001 22.363
201002 21.405
201003 23.741
201004 19.464
201005 23.071
201006 21.687
201007 22.290
201008 13.427
201009 21.144
201010 23.994
201011 21.770
201012 23.098
201101 23.171
201102 20.674
201103 17.429
201104 20.959
201105 22.933
201106 21.785
201107 14.918
201108 10.152
201109 18.388
201110 15.795
201111 17.575
201112 18.578
201201 18.919
201202 20.179
201203 20.693
201204 14.301
201205 13.074
201206 14.506
201207 15.006
201208 14.912
201209 25.279
201210 28.346
201211 27.286
201212 29.442
201301 27.997
201302 18.568
201303 25.852
201304 24.194
201305 26.778
201306 24.631
201307 25.708
201308 25.921
201309 25.094
201310 28.732
201311 28.217
201312 29.349
201401 29.972
201402 21.054
201403 15.175
201404 20.372
201405 25.777
201406 13.340
201407 13.591
201408 25.762
201409 27.447
201410 29.828
201411 15.424
201412 32.883
201501 24.135
201502 22.006
201503 19.262
201504 16.640
