200601 110.717
200602 99.364
200603 106.647
200604 103.426
200605 106.506
200606 101.544
200607 106.784
200608 65.039
200609 100.155
200610 104.084
200611 105.403
200612 105.854
200701 113.969
200702 98.793
200703 112.473
200704 100.864
200705 94.716
200706 105.869
200707 108.310
200708 76.602
200709 93.651
200710 89.654
200711 103.461
200712 106.303
200801 105.255
200802 100.048
200803 65.600
200804 105.836
200805 105.431
200806 91.977
200807 97.193
200808 74.671
200809 84.999
200810 98.526
200811 94.721
200812 93.169
200901 88.971
200902 88.930
200903 149.175
200904 104.801
200905 92.713
200906 60.493
200907 72.456
200908 75.765
200909 94.220
200910 100.176
200911 100.693
200912 86.532
201001 84.863
201002 94.948
201003 118.689
201004 103.906
201005 101.893
201006 100.085
201007 105.532
201008 88.277
201009 91.050
201010 63.030
201011 56.808
201012 113.515
201101 125.723
201102 117.230
201103 122.246
201104 92.392
201105 94.888
201106 98.516
201107 92.618
201108 85.268
201109 86.356
201110 85.932
201111 108.074
201112 103.870
201201 82.815
201202 92.141
201203 77.666
201204 58.527
201205 82.353
201206 85.446
201207 92.086
201208 91.166
201209 94.202
201210 106.353
201211 103.930
201212 97.940
201301 99.079
201302 79.797
201303 92.467
201304 70.024
201305 95.280
201306 91.902
201307 102.565
201308 99.356
201309 97.643
201310 97.910
201311 97.230
201312 95.393
201401 100.884
201402 72.618
201403 82.209
201404 83.302
201405 82.346
201406 78.254
201407 74.059
201408 89.475
201409 92.261
201410 96.291
201411 78.402
201412 89.978
201501 87.395
201502 78.855
201503 75.844
201504 71.958
