200601 2.298
200602 2.320
200603 2.280
200604 1.739
200605 1.978
200606 1.758
200607 1.685
200608 1.386
200609 2.135
200610 1.907
200611 1.771
200612 1.394
200701 874
200702 1.916
200703 1.986
200704 1.753
200705 2.153
200706 2.274
200707 732
200708 684
200709 814
200710 998
200711 875
200712 925
200801 2.916
200802 1.523
200803 2.472
200804 2.727
200805 1.675
200806 2.073
200807 2.285
200808 474
200809 0
200810 1.749
200811 999
200812 901
200901 921
200902 789
200903 876
200904 966
200905 814
200906 0
200907 0
200908 0
200909 791
200910 1.026
200911 1.404
200912 1.394
201001 0
201002 0
201003 0
201004 0
201005 0
201006 0
201007 0
201008 0
201009 1.349
201010 0
201011 0
201012 0
201101 954
201102 1.132
201103 0
201104 0
201105 0
201106 0
201107 0
201108 0
201109 0
201110 0
201111 0
201112 0
201201 0
201202 1.150
201203 1.248
201204 1.013
201205 844
201206 554
201207 1.181
201208 931
201209 3.030
201210 0
201211 857
201212 899
201301 0
201302 245
201303 234
201304 202
201305 210
201306 225
201307 0
201308 0
201309 0
201310 0
201311 0
201312 0
201401 0
201402 0
201403 0
201404 0
201405 0
201406 0
201407 0
201408 0
201409 0
201410 0
201411 0
201412 0
201501 
201502 
201503 
201504 
