200601 899.349
200602 784.829
200603 898.867
200604 860.243
200605 118.536
200606 505.418
200607 784.302
200608 787.464
200609 659.755
200610 791.475
200611 764.882
200612 790.814
200701 790.425
200702 713.533
200703 788.493
200704 764.421
200705 629.797
200706 135.627
200707 785.356
200708 786.297
200709 762.184
200710 790.726
200711 764.861
200712 790.009
200801 789.100
200802 738.045
200803 665.373
200804 0
200805 640.420
200806 764.747
200807 788.545
200808 787.732
200809 760.993
200810 791.719
200811 753.815
200812 791.334
200901 787.980
200902 247.256
200903 0
200904 592.251
200905 790.318
200906 763.899
200907 786.070
200908 787.040
200909 746.999
200910 746.178
200911 714.236
200912 739.586
201001 740.580
201002 670.870
201003 683.841
201004 346.072
201005 379.939
201006 762.870
201007 778.025
201008 783.704
201009 758.980
201010 785.652
201011 754.338
201012 785.123
201101 660.533
201102 712.750
201103 788.180
201104 755.063
201105 92.544
201106 690.610
201107 785.697
201108 783.872
201109 760.091
201110 788.777
201111 761.599
201112 787.814
201201 787.980
201202 730.460
201203 784.172
201204 761.609
201205 453.894
201206 301.169
201207 784.368
201208 783.344
201209 759.907
201210 787.764
201211 759.535
201212 787.245
201301 786.913
201302 711.263
201303 775.787
201304 749.016
201305 404.309
201306 133.381
201307 744.971
201308 697.237
201309 759.978
201310 787.260
201311 760.595
201312 681.404
201401 786.306
201402 709.726
201403 785.032
201404 760.160
201405 561.465
201406 53.683
201407 779.784
201408 781.785
201409 757.908
201410 786.546
201411 759.965
201412 785.546
201501 
201502 
201503 
201504 
