200601 906.002
200602 790.191
200603 901.147
200604 861.982
200605 120.514
200606 507.176
200607 785.987
200608 788.850
200609 661.890
200610 793.397
200611 771.415
200612 796.444
200701 791.299
200702 719.824
200703 795.896
200704 770.805
200705 636.826
200706 137.906
200707 786.088
200708 786.981
200709 763.000
200710 791.724
200711 765.736
200712 790.934
200801 792.016
200802 740.964
200803 667.845
200804 2.727
200805 642.095
200806 766.820
200807 790.830
200808 788.206
200809 760.993
200810 793.468
200811 754.814
200812 792.235
200901 788.901
200902 248.045
200903 876
200904 593.217
200905 796.416
200906 763.929
200907 786.090
200908 787.040
200909 747.790
200910 747.204
200911 715.640
200912 740.980
201001 740.580
201002 670.870
201003 683.841
201004 346.072
201005 379.939
201006 762.870
201007 778.025
201008 783.704
201009 760.329
201010 785.652
201011 754.338
201012 785.123
201101 661.511
201102 713.882
201103 788.180
201104 755.063
201105 92.544
201106 690.610
201107 785.697
201108 783.872
201109 760.091
201110 788.777
201111 761.599
201112 787.814
201201 787.980
201202 731.610
201203 785.420
201204 762.622
201205 454.738
201206 301.723
201207 785.549
201208 784.275
201209 762.937
201210 787.764
201211 760.392
201212 788.144
201301 786.913
201302 711.508
201303 776.021
201304 749.218
201305 404.519
201306 133.606
201307 744.971
201308 697.237
201309 759.978
201310 787.260
201311 760.595
201312 681.404
201401 786.306
201402 709.726
201403 785.032
201404 760.160
201405 561.465
201406 53.683
201407 779.784
201408 781.785
201409 757.908
201410 786.546
201411 759.965
201412 785.546
201501 
201502 
201503 
201504 
