200601 0
200602 903
200603 1046
200604 717
200605 877
200606 877
200607 960
200608 1086
200609 1010
200610 1068
200611 1074
200612 1055
200701 1004
200702 854
200703 0
200704 1011
200705 90
200706 179
200707 115
200708 837
200709 399
200710 154
200711 0
200712 0
200801 0
200802 0
200803 0
200804 0
200805 0
200806 106
200807 283
200808 0
200809 0
200810 0
200811 0
200812 230
200901 247
200902 976
200903 2415
200904 2561
200905 2123
200906 2231
200907 2669
200908 0
200909 2382
200910 2485
200911 2217
200912 2174
201001 2130
201002 1705
201003 2307
201004 1862
201005 1875
201006 2011
201007 2031
201008 0
201009 2091
201010 1861
201011 2257
201012 2263
201101 1984
201102 2181
201103 0
201104 1923
201105 0
201106 1391
201107 1417
201108 0
201109 0
201110 0
201111 1842
201112 1892
201201 0
201202 0
201203 2362
201204 0
201205 0
201206 2131
201207 2234
201208 0
201209 2001
201210 2210
201211 0
201212 1510
201301 1761
201302 1740
201303 1848
201304 0
201305 0
201306 0
201307 1950
201308 0
201309 2089
201310 2273
201311 1889
201312 1799
201401 1607
201402 1236
201403 155
201404 0
201405 813
201406 1539
201407 1461
201408 1286
201409 1736
201410 2208
201411 1409
201412 1885
201501 1721
201502 1874
201503 2285
201504 0
