200601 10
200602 7
200603 15
200604 9
200605 6
200606 0
200607 9
200608 0
200609 143
200610 143
200611 190
200612 128
200701 158
200702 149
200703 176
200704 123
200705 29
200706 111
200707 112
200708 0
200709 88
200710 150
200711 135
200712 46
200801 12
200802 0
200803 23
200804 54
200805 0
200806 0
200807 0
200808 0
200809 0
200810 0
200811 0
200812 0
200901 0
200902 0
200903 0
200904 26
200905 137
200906 45
200907 0
200908 0
200909 0
200910 0
200911 0
200912 0
201001 0
201002 0
201003 0
201004 0
201005 0
201006 0
201007 0
201008 0
201009 0
201010 0
201011 0
201012 0
201101 42
201102 30
201103 56
201104 51
201105 47
201106 39
201107 52
201108 0
201109 0
201110 69
201111 52
201112 66
201201 52
201202 62
201203 89
201204 79
201205 68
201206 62
201207 0
201208 0
201209 0
201210 46
201211 49
201212 72
201301 82
201302 72
201303 69
201304 72
201305 86
201306 76
201307 63
201308 32
201309 59
201310 66
201311 46
201312 45
201401 64
201402 70
201403 88
201404 64
201405 70
201406 89
201407 81
201408 78
201409 101
201410 75
201411 86
201412 75
201501 69
201502 68
201503 27
201504 87
