200601 281.292
200602 252.239
200603 279.830
200604 238.914
200605 245.541
200606 240.410
200607 235.728
200608 261.347
200609 257.846
200610 278.054
200611 261.986
200612 262.044
200701 283.238
200702 240.356
200703 257.808
200704 244.153
200705 216.954
200706 242.938
200707 261.279
200708 300.500
200709 283.050
200710 274.638
200711 277.596
200712 276.525
200801 305.981
200802 297.890
200803 275.992
200804 263.844
200805 258.270
200806 239.157
200807 262.888
200808 255.188
200809 279.475
200810 277.221
200811 267.621
200812 274.229
200901 263.009
200902 245.698
200903 264.500
200904 257.464
200905 258.063
200906 263.588
200907 274.717
200908 278.307
200909 275.271
200910 291.906
200911 273.696
200912 291.920
201001 303.375
201002 271.667
201003 295.046
201004 265.268
201005 248.370
201006 260.009
201007 263.774
201008 287.574
201009 279.874
201010 289.308
201011 275.678
201012 280.381
201101 278.034
201102 250.250
201103 282.668
201104 259.827
201105 262.299
201106 220.542
201107 262.416
201108 276.648
201109 273.568
201110 281.094
201111 269.617
201112 280.414
201201 281.343
201202 253.939
201203 267.799
201204 251.509
201205 241.347
201206 247.689
201207 266.272
201208 279.643
201209 255.959
201210 278.511
201211 267.640
201212 267.569
201301 245.892
201302 242.749
201303 261.317
201304 246.392
201305 234.557
201306 231.464
201307 245.901
201308 258.014
201309 239.512
201310 261.166
201311 252.216
201312 269.567
201401 260.735
201402 226.538
201403 242.784
201404 221.101
201405 205.518
201406 232.706
201407 236.756
201408 248.155
201409 224.648
201410 250.163
201411 208.437
201412 266.278
201501 256.334
201502 226.878
201503 242.392
201504 236.090
