200601 142.493
200602 122.770
200603 136.606
200604 151.885
200605 155.675
200606 167.324
200607 177.618
200608 178.332
200609 188.924
200610 175.868
200611 174.110
200612 172.520
200701 161.574
200702 147.145
200703 168.266
200704 163.785
200705 199.518
200706 168.451
200707 167.798
200708 136.584
200709 149.555
200710 182.668
200711 168.069
200712 171.965
200801 147.826
200802 120.967
200803 151.369
200804 155.518
200805 166.789
200806 172.250
200807 166.598
200808 173.671
200809 172.393
200810 166.495
200811 162.472
200812 168.986
200901 170.772
200902 143.117
200903 158.604
200904 119.950
200905 138.178
200906 145.935
200907 151.775
200908 147.624
200909 153.578
200910 166.843
200911 153.673
200912 140.991
201001 129.348
201002 113.930
201003 127.665
201004 126.157
201005 143.687
201006 128.533
201007 147.405
201008 147.182
201009 145.863
201010 156.503
201011 148.687
201012 149.646
201101 152.362
201102 124.997
201103 133.504
201104 134.198
201105 145.443
201106 176.350
201107 138.515
201108 134.687
201109 145.241
201110 158.608
201111 149.543
201112 138.241
201201 147.284
201202 132.907
201203 138.664
201204 125.804
201205 156.533
201206 134.792
201207 133.325
201208 139.955
201209 177.154
201210 154.312
201211 142.405
201212 145.900
201301 164.482
201302 120.201
201303 141.385
201304 135.494
201305 140.338
201306 121.270
201307 150.112
201308 161.591
201309 163.792
201310 161.484
201311 146.060
201312 139.505
201401 139.364
201402 128.621
201403 134.346
201404 138.562
201405 165.200
201406 135.931
201407 152.074
201408 141.246
201409 204.030
201410 188.473
201411 194.368
201412 141.262
201501 142.067
201502 125.726
201503 141.612
201504 132.285
