200601 839
200602 2612
200603 694
200604 2428
200605 2122
200606 1391
200607 885
200608 1399
200609 1471
200610 1136
200611 1044
200612 1228
200701 1551
200702 334
200703 534
200704 2327
200705 1158
200706 545
200707 1061
200708 433
200709 1397
200710 921
200711 0
200712 1081
200801 1319
200802 1405
200803 2728
200804 212
200805 1067
200806 2089
200807 1150
200808 588
200809 1214
200810 557
200811 1979
200812 983
200901 645
200902 1126
200903 733
200904 910
200905 1242
200906 6221
200907 4648
200908 1913
200909 2065
200910 931
200911 1795
200912 2472
201001 1681
201002 960
201003 2959
201004 1565
201005 2309
201006 1871
201007 1351
201008 1693
201009 585
201010 353
201011 443
201012 3230
201101 1911
201102 88
201103 1158
201104 795
201105 1988
201106 1227
201107 1486
201108 1179
201109 1167
201110 1751
201111 1152
201112 458
201201 3242
201202 638
201203 983
201204 2272
201205 2451
201206 414
201207 396
201208 748
201209 2112
201210 570
201211 2329
201212 917
201301 1099
201302 1474
201303 715
201304 852
201305 779
201306 642
201307 3148
201308 677
201309 2152
201310 1054
201311 1495
201312 443
201401 942
201402 2664
201403 1258
201404 29
201405 1125
201406 674
201407 12
201408 824
201409 1768
201410 479
201411 2089
201412 2921
201501 323
201502 1229
201503 1888
201504 917
