200601 1.071
200602 1.021
200603 0
200604 967
200605 1.172
200606 1.176
200607 1.025
200608 1.149
200609 1.116
200610 1.164
200611 1.040
200612 940
200701 1.177
200702 1.036
200703 1.236
200704 1.015
200705 938
200706 1.535
200707 1.599
200708 3.526
200709 5.221
200710 5.368
200711 5.226
200712 5.388
200801 5.655
200802 0
200803 0
200804 0
200805 5.773
200806 5.024
200807 5.203
200808 0
200809 0
200810 1.334
200811 2.369
200812 2.500
200901 2.750
200902 0
200903 3.079
200904 0
200905 0
200906 0
200907 0
200908 0
200909 0
200910 0
200911 2.753
200912 0
201001 2.611
201002 0
201003 2.964
201004 2.730
201005 2.840
201006 2.928
201007 2.850
201008 0
201009 2.904
201010 2.728
201011 0
201012 2.856
201101 2.717
201102 2.572
201103 3.144
201104 2.592
201105 2.801
201106 2.928
201107 2.702
201108 0
201109 2.806
201110 2.697
201111 2.744
201112 1.815
201201 0
201202 0
201203 0
201204 0
201205 0
201206 0
201207 0
201208 0
201209 0
201210 0
201211 0
201212 0
201301 0
201302 0
201303 0
201304 0
201305 0
201306 0
201307 0
201308 0
201309 0
201310 0
201311 0
201312 0
201401 0
201402 0
201403 0
201404 0
201405 0
201406 0
201407 0
201408 0
201409 0
201410 0
201411 0
201412 0
201501 0
201502 0
201503 0
201504 0
