200601 21.074
200602 21.083
200603 20.381
200604 9.330
200605 16.149
200606 17.116
200607 18.594
200608 17.433
200609 15.810
200610 11.776
200611 14.750
200612 18.652
200701 12.096
200702 17.589
200703 14.783
200704 10.393
200705 16.985
200706 19.095
200707 20.706
200708 22.436
200709 22.084
200710 21.249
200711 20.898
200712 16.668
200801 21.023
200802 20.692
200803 19.997
200804 11.614
200805 11.580
200806 10.933
200807 11.854
200808 11.753
200809 11.709
200810 12.235
200811 349
200812 0
200901 11.509
200902 10.284
200903 10.679
200904 20.887
200905 10.241
200906 10.707
200907 8.531
200908 1.087
200909 12.141
200910 727
200911 1.125
200912 908
201001 10.639
201002 9.064
201003 9.987
201004 18.185
201005 201.862
201006 163.987
201007 208.087
201008 211.969
201009 145.373
201010 193.803
201011 168.210
201012 161.924
201101 209.995
201102 177.206
201103 191.541
201104 149.759
201105 196.714
201106 215.713
201107 229.895
201108 225.464
201109 225.643
201110 219.768
201111 134.722
201112 124.565
201201 165.806
201202 207.885
201203 127.481
201204 187.334
201205 221.271
201206 193.192
201207 180.633
201208 216.969
201209 207.719
201210 153.981
201211 177.485
201212 196.451
201301 153.750
201302 172.994
201303 22.725
201304 96.927
201305 231.376
201306 185.266
201307 138.140
201308 268.097
201309 223.992
201310 173.865
201311 159.248
201312 98.757
201401 50.183
201402 84.309
201403 97.449
201404 87.037
201405 72.679
201406 73.661
201407 159.323
201408 237.628
201409 189.123
201410 129.192
201411 124.402
201412 125.838
201501 191.596
201502 113.881
201503 184.108
201504 107.040
