200601 63
200602 59
200603 0
200604 46
200605 48
200606 49
200607 55
200608 70
200609 41
200610 0
200611 46
200612 61
200701 67
200702 61
200703 0
200704 43
200705 35
200706 0
200707 49
200708 53
200709 18
200710 30
200711 24
200712 30
200801 18
200802 0
200803 0
200804 0
200805 18
200806 12
200807 42
200808 0
200809 0
200810 30
200811 52
200812 0
200901 53
200902 0
200903 0
200904 0
200905 0
200906 0
200907 0
200908 0
200909 0
200910 0
200911 59
200912 0
201001 53
201002 0
201003 103
201004 60
201005 53
201006 67
201007 66
201008 0
201009 67
201010 54
201011 0
201012 71
201101 5.988
201102 5.897
201103 6.444
201104 6.221
201105 3.769
201106 5.626
201107 6.443
201108 6.380
201109 79
201110 6.451
201111 5.157
201112 6.545
201201 6.499
201202 10.971
201203 6.528
201204 6.220
201205 5.400
201206 6.006
201207 6.453
201208 6.404
201209 5.880
201210 8.199
201211 0
201212 3.248
201301 0
201302 3.509
201303 11.374
201304 8.882
201305 10.838
201306 6.178
201307 11.860
201308 11.672
201309 9.662
201310 6.398
201311 6.264
201312 11.767
201401 6.336
201402 9.856
201403 11.625
201404 11.314
201405 8.617
201406 11.188
201407 5.512
201408 5.705
201409 4.620
201410 5.115
201411 4.338
201412 4.729
201501 5.238
201502 4.347
201503 5.218
201504 5.116
