200601 22.208
200602 22.163
200603 20.381
200604 10.343
200605 17.369
200606 18.341
200607 19.674
200608 18.652
200609 16.967
200610 12.940
200611 15.836
200612 19.653
200701 13.340
200702 18.686
200703 16.019
200704 11.451
200705 17.958
200706 20.630
200707 22.354
200708 26.015
200709 27.323
200710 26.647
200711 26.148
200712 22.086
200801 26.696
200802 20.692
200803 19.997
200804 11.614
200805 17.371
200806 15.969
200807 17.099
200808 11.753
200809 11.709
200810 13.599
200811 2.770
200812 2.500
200901 14.312
200902 10.284
200903 13.758
200904 20.887
200905 10.241
200906 10.707
200907 8.531
200908 1.087
200909 12.141
200910 727
200911 3.937
200912 908
201001 13.303
201002 9.064
201003 13.054
201004 20.975
201005 204.755
201006 166.982
201007 211.003
201008 211.969
201009 148.344
201010 196.585
201011 168.210
201012 164.851
201101 218.700
201102 185.675
201103 201.129
201104 158.572
201105 203.284
201106 224.267
201107 239.040
201108 231.844
201109 228.528
201110 228.916
201111 142.623
201112 132.925
201201 172.305
201202 218.856
201203 134.009
201204 193.554
201205 226.671
201206 199.198
201207 187.086
201208 223.373
201209 213.599
201210 162.180
201211 177.485
201212 199.699
201301 153.750
201302 176.503
201303 34.099
201304 105.809
201305 242.214
201306 191.444
201307 150.000
201308 279.769
201309 233.654
201310 180.263
201311 165.512
201312 110.524
201401 56.519
201402 94.165
201403 109.074
201404 98.351
201405 81.296
201406 84.849
201407 164.835
201408 243.333
201409 193.743
201410 134.307
201411 128.740
201412 130.567
201501 196.834
201502 118.228
201503 189.326
201504 112.156
