200601 3843
200602 3572
200603 4103
200604 3301
200605 3883
200606 4023
200607 3832
200608 4013
200609 0
200610 10090
200611 10314
200612 8414
200701 10290
200702 8529
200703 10357
200704 9266
200705 9743
200706 17389
200707 16997
200708 18114
200709 15117
200710 16494
200711 16796
200712 17003
200801 0
200802 5184
200803 15313
200804 14825
200805 16306
200806 14850
200807 13742
200808 4
200809 10233
200810 10395
200811 9221
200812 8773
200901 7732
200902 7623
200903 9156
200904 10419
200905 9617
200906 9150
200907 9547
200908 8
200909 10207
200910 10153
200911 10078
200912 9735
201001 8573
201002 9411
201003 9298
201004 0
201005 96
201006 137
201007 82
201008 0
201009 89
201010 89
201011 82
201012 82
201101 89
201102 82
201103 10680
201104 9870
201105 10222
201106 10037
201107 10027
201108 0
201109 10336
201110 9397
201111 9969
201112 9091
201201 10317
201202 8620
201203 8473
201204 8127
201205 8340
201206 7833
201207 8966
201208 0
201209 9112
201210 8634
201211 8127
201212 7290
201301 8542
201302 7406
201303 8017
201304 8515
201305 8515
201306 7736
201307 8521
201308 0
201309 8166
201310 8229
201311 6984
201312 6812
201401 8396
201402 2541
201403 6632
201404 6216
201405 7147
201406 9347
201407 10652
201408 9269
201409 9151
201410 9681
201411 6197
201412 6964
201501 8170
201502 8345
201503 11103
201504 10615
