200601 94
200602 89
200603 0
200604 69
200605 65
200606 89
200607 89
200608 109
200609 0
200610 123
200611 107
200612 104
200701 182
200702 157
200703 109
200704 70
200705 60
200706 6
200707 25
200708 31
200709 25
200710 38
200711 36
200712 31
200801 0
200802 12
200803 38
200804 56
200805 42
200806 38
200807 63
200808 0
200809 147
200810 90
200811 94
200812 79
200901 63
200902 60
200903 72
200904 92
200905 76
200906 85
200907 91
200908 8
200909 91
200910 85
200911 85
200912 303
201001 75
201002 82
201003 73
201004 0
201005 0
201006 0
201007 0
201008 0
201009 0
201010 0
201011 0
201012 0
201101 0
201102 0
201103 78
201104 66
201105 78
201106 78
201107 78
201108 69
201109 90
201110 78
201111 72
201112 72
201201 72
201202 72
201203 60
201204 60
201205 66
201206 60
201207 108
201208 4
201209 90
201210 60
201211 54
201212 54
201301 60
201302 54
201303 66
201304 60
201305 72
201306 54
201307 72
201308 0
201309 60
201310 66
201311 60
201312 60
201401 54
201402 18
201403 54
201404 54
201405 66
201406 42
201407 42
201408 30
201409 78
201410 30
201411 30
201412 18
201501 30
201502 42
201503 42
201504 30
