200601 246.104
200602 303.305
200603 189.476
200604 104.657
200605 122.342
200606 267.770
200607 278.243
200608 230.720
200609 269.034
200610 184.124
200611 49.566
200612 41.495
200701 170.233
200702 104.760
200703 74.807
200704 269.380
200705 213.737
200706 246.082
200707 274.819
200708 280.164
200709 265.540
200710 272.014
200711 249.750
200712 299.321
200801 171.866
200802 38.305
200803 0
200804 5.014
200805 0
200806 16.374
200807 139.947
200808 169.422
200809 106.372
200810 43.317
200811 154.249
200812 160.749
200901 180.137
200902 109.910
200903 98.153
200904 136.992
200905 0
200906 5.978
200907 173.291
200908 0
200909 0
200910 0
200911 166.789
200912 20.251
201001 0
201002 0
201003 0
201004 0
201005 0
201006 0
201007 0
201008 0
201009 0
201010 0
201011 7.976
201012 52.739
201101 49.551
201102 31.873
201103 177.694
201104 160.881
201105 188.547
201106 119.248
201107 248.312
201108 178.446
201109 234.088
201110 192.679
201111 137.616
201112 108.516
201201 161.791
201202 280.663
201203 247.363
201204 225.351
201205 118.161
201206 187.321
201207 232.272
201208 124.863
201209 90.235
201210 0
201211 38.463
201212 65.188
201301 15.920
201302 9.069
201303 0
201304 12.462
201305 23.668
201306 98.547
201307 229.821
201308 171.580
201309 176.863
201310 135.604
201311 0
201312 216.898
201401 0
201402 0
201403 0
201404 0
201405 96.116
201406 204.054
201407 228.238
201408 177.573
201409 254.530
201410 191.221
201411 66.447
201412 26.138
201501 159.260
201502 116.066
201503 0
201504 57.680
