200601 1.186
200602 877
200603 3.059
200604 2.008
200605 1.086
200606 1.884
200607 2.742
200608 2.651
200609 2.164
200610 3.643
200611 2.214
200612 1.886
200701 2.306
200702 2.183
200703 1.807
200704 2.568
200705 1.812
200706 2.635
200707 3.969
200708 2.956
200709 2.198
200710 2.147
200711 2.937
200712 2.304
200801 3.453
200802 587
200803 0
200804 889
200805 0
200806 1.958
200807 3.850
200808 2.937
200809 1.825
200810 1.388
200811 1.077
200812 2.965
200901 2.436
200902 2.459
200903 1.707
200904 1.372
200905 700
200906 345
200907 2.597
200908 0
200909 0
200910 0
200911 2.050
200912 0
201001 0
201002 0
201003 0
201004 0
201005 0
201006 0
201007 0
201008 0
201009 0
201010 0
201011 243
201012 493
201101 355
201102 1.851
201103 2.415
201104 2.061
201105 2.123
201106 2.561
201107 1.485
201108 423
201109 1.899
201110 826
201111 2.045
201112 2.216
201201 2.331
201202 1.631
201203 1.187
201204 1.979
201205 2.241
201206 656
201207 1.455
201208 1.094
201209 1.332
201210 1.020
201211 582
201212 2.062
201301 1.581
201302 319
201303 0
201304 227
201305 398
201306 929
201307 928
201308 732
201309 742
201310 599
201311 0
201312 607
201401 0
201402 0
201403 0
201404 0
201405 388
201406 742
201407 822
201408 1.066
201409 1.472
201410 1.032
201411 871
201412 729
201501 1.621
201502 1.524
201503 1.436
201504 1.618
