200601 4.226
200602 3.730
200603 4.327
200604 3.386
200605 2.618
200606 998
200607 1.957
200608 813
200609 3.838
200610 4.242
200611 4.181
200612 3.286
200701 4.220
200702 3.294
200703 3.728
200704 3.809
200705 3.898
200706 4.260
200707 3.945
200708 4.060
200709 3.985
200710 4.296
200711 4.363
200712 2.727
200801 3.528
200802 4.232
200803 4.388
200804 4.218
200805 4.338
200806 4.385
200807 4.152
200808 2.800
200809 4.100
200810 4.454
200811 3.993
200812 4.398
200901 4.466
200902 4.122
200903 4.314
200904 3.971
200905 4.160
200906 3.962
200907 2.597
200908 2.932
200909 4.037
200910 802
200911 4.125
200912 3.301
201001 4.333
201002 3.867
201003 4.182
201004 4.103
201005 4.266
201006 3.370
201007 3.962
201008 2.407
201009 3.460
201010 3.943
201011 3.466
201012 2.185
201101 10.757
201102 7.502
201103 391
201104 892
201105 1.017
201106 925
201107 1.003
201108 0
201109 1.041
201110 0
201111 0
201112 1.891
201201 0
201202 32.598
201203 842
201204 815
201205 31.947
201206 30.510
201207 905
201208 27.464
201209 29.822
201210 30.582
201211 0
201212 31.906
201301 30.292
201302 0
201303 0
201304 0
201305 31.530
201306 30.600
201307 30.434
201308 25.371
201309 29.978
201310 31.642
201311 31.236
201312 32.528
201401 32.505
201402 16.831
201403 4.668
201404 4.239
201405 23.888
201406 28.312
201407 27.949
201408 25.040
201409 28.807
201410 28.128
201411 26.284
201412 27.939
201501 29.697
201502 27.152
201503 28.220
201504 28.924
