200601 56.385
200602 2
200603 4
200604 5
200605 5
200606 11
200607 4
200608 10
200609 4
200610 5
200611 6
200612 9
200701 14.482
200702 6.676
200703 4.943
200704 14.451
200705 12.025
200706 0
200707 9.386
200708 12.686
200709 14.151
200710 16.083
200711 12.788
200712 15.304
200801 0
200802 0
200803 0
200804 0
200805 0
200806 0
200807 0
200808 0
200809 0
200810 0
200811 10.150
200812 0
200901 0
200902 26.210
200903 7.015
200904 31.905
200905 0
200906 2.027
200907 7.250
200908 0
200909 0
200910 0
200911 0
200912 171
201001 0
201002 0
201003 0
201004 0
201005 0
201006 0
201007 0
201008 0
201009 0
201010 0
201011 723
201012 752
201101 5.871
201102 366
201103 450
201104 778
201105 767
201106 983
201107 268
201108 851
201109 527
201110 572
201111 943
201112 713
201201 689
201202 890
201203 913
201204 1.603
201205 797
201206 3.705
201207 540
201208 526
201209 898
201210 0
201211 1.293
201212 634
201301 395
201302 664
201303 0
201304 583
201305 1.062
201306 4.036
201307 399
201308 390
201309 361
201310 243
201311 0
201312 900
201401 0
201402 0
201403 0
201404 0
201405 540
201406 1.200
201407 276
201408 796
201409 564
201410 476
201411 646
201412 202
201501 611
201502 848
201503 0
201504 536
