200601 307.901
200602 307.914
200603 196.866
200604 110.056
200605 126.051
200606 270.663
200607 282.946
200608 234.194
200609 275.040
200610 192.014
200611 55.967
200612 46.676
200701 191.242
200702 116.914
200703 85.285
200704 290.208
200705 231.471
200706 252.977
200707 292.119
200708 299.866
200709 285.874
200710 294.540
200711 269.839
200712 319.656
200801 178.847
200802 43.124
200803 4.388
200804 10.121
200805 4.338
200806 22.717
200807 147.949
200808 175.159
200809 112.297
200810 49.159
200811 169.469
200812 168.112
200901 187.039
200902 142.701
200903 111.190
200904 174.240
200905 4.860
200906 12.312
200907 185.735
200908 2.932
200909 4.037
200910 802
200911 172.964
200912 23.723
201001 4.333
201002 3.867
201003 4.182
201004 4.103
201005 4.266
201006 3.370
201007 3.962
201008 2.407
201009 3.460
201010 3.943
201011 12.408
201012 56.169
201101 66.534
201102 41.592
201103 180.950
201104 164.612
201105 192.454
201106 123.717
201107 251.068
201108 179.720
201109 237.555
201110 194.076
201111 140.604
201112 113.337
201201 164.811
201202 315.782
201203 250.304
201204 229.748
201205 153.146
201206 222.192
201207 235.172
201208 153.947
201209 122.287
201210 31.602
201211 40.338
201212 99.790
201301 48.188
201302 10.051
201303 0
201304 13.272
201305 56.658
201306 134.112
201307 261.582
201308 198.073
201309 207.944
201310 168.089
201311 31.236
201312 250.932
201401 32.505
201402 16.831
201403 4.668
201404 4.239
201405 120.933
201406 234.308
201407 257.285
201408 204.475
201409 285.373
201410 220.857
201411 94.248
201412 55.007
201501 191.189
201502 145.590
201503 29.656
201504 88.758
