200601 346610
200602 314608
200603 347701
200604 336402
200605 344354
200606 335347
200607 247368
200608 346788
200609 295274
200610 321180
200611 337092
200612 269071
200701 247708
200702 125604
200703 81997
200704 306157
200705 349300
200706 337719
200707 327720
200708 345848
200709 334386
200710 346148
200711 336225
200712 343475
200801 344683
200802 324659
200803 347094
200804 332652
200805 347517
200806 333781
200807 307963
200808 334095
200809 333509
200810 334489
200811 334457
200812 345728
200901 344893
200902 280006
200903 9
200904 240162
200905 330895
200906 334691
200907 343179
200908 343972
200909 333500
200910 344357
200911 336406
200912 347779
201001 347385
201002 238999
201003 345190
201004 333721
201005 215096
201006 336324
201007 347164
201008 344282
201009 335307
201010 314938
201011 331396
201012 347367
201101 346385
201102 313714
201103 346076
201104 330760
201105 26376
201106 334293
201107 345717
201108 345514
201109 331760
201110 345945
201111 335697
201112 345306
201201 347995
201202 325489
201203 307619
201204 336624
201205 347637
201206 334929
201207 344208
201208 345221
201209 333750
201210 343956
201211 335595
201212 176664
201301 0
201302 0
201303 0
201304 0
201305 0
201306 0
201307 0
201308 0
201309 0
201310 0
201311 0
201312 0
201401 0
201402 0
201403 0
201404 0
201405 0
201406 0
201407 0
201408 0
201409 0
201410 0
201411 0
201412 0
201501 0
201502 0
201503 0
201504 0
