200601 455658
200602 416846
200603 450242
200604 427386
200605 442844
200606 426632
200607 342146
200608 427084
200609 381854
200610 409838
200611 430437
200612 362935
200701 351355
200702 213586
200703 181940
200704 400736
200705 438434
200706 406732
200707 425613
200708 423327
200709 419088
200710 439685
200711 435558
200712 454715
200801 438115
200802 418562
200803 444458
200804 430073
200805 442668
200806 425336
200807 398197
200808 393538
200809 404146
200810 399014
200811 423051
200812 431241
200901 440487
200902 362349
200903 92199
200904 321233
200905 413722
200906 415611
200907 431055
200908 421991
200909 423206
200910 429277
200911 430148
200912 438591
201001 417571
201002 299030
201003 438188
201004 423365
201005 296161
201006 425607
201007 442782
201008 425488
201009 419918
201010 408328
201011 414180
201012 437324
201101 446382
201102 393071
201103 436885
201104 413797
201105 110673
201106 422338
201107 433400
201108 421632
201109 414136
201110 395452
201111 414699
201112 414835
201201 424207
201202 399814
201203 381647
201204 411037
201205 421927
201206 411997
201207 417387
201208 425045
201209 417668
201210 446423
201211 433256
201212 285599
201301 98009
201302 84429
201303 99607
201304 79645
201305 72499
201306 53596
201307 67700
201308 47232
201309 63066
201310 64338
201311 65317
201312 66713
201401 66251
201402 40505
201403 45435
201404 42866
201405 58227
201406 58859
201407 57104
201408 48667
201409 54836
201410 59733
201411 45243
201412 62752
201501 53903
201502 44900
201503 46755
201504 37017
