200601 47.510
200602 27.079
200603 6.045
200604 5.168
200605 721
200606 8.852
200607 55.474
200608 21.456
200609 36.170
200610 28.242
200611 3.683
200612 688
200701 729
200702 1.782
200703 12.696
200704 3.193
200705 7.534
200706 9.075
200707 7.250
200708 6.741
200709 17.959
200710 7.891
200711 4.789
200712 6.394
200801 5.926
200802 5.571
200803 5.247
200804 3.470
200805 21
200806 0
200807 0
200808 0
200809 0
200810 0
200811 0
200812 0
200901 0
200902 0
200903 0
200904 0
200905 1.401
200906 1.231
200907 0
200908 0
200909 1.897
200910 1.881
200911 2.021
200912 2.105
201001 1.824
201002 2.019
201003 2.301
201004 2.290
201005 1.065
201006 0
201007 0
201008 0
201009 0
201010 0
201011 0
201012 0
201101 0
201102 0
201103 0
201104 0
201105 0
201106 0
201107 0
201108 0
201109 0
201110 0
201111 0
201112 0
201201 0
201202 0
201203 0
201204 0
201205 0
201206 0
201207 0
201208 0
201209 0
201210 4.171
201211 4.146
201212 3.468
201301 0
201302 0
201303 0
201304 0
201305 800
201306 918
201307 1.069
201308 0
201309 0
201310 0
201311 0
201312 1.104
201401 837
201402 807
201403 0
201404 836
201405 0
201406 821
201407 389
201408 0
201409 0
201410 0
201411 0
201412 569
201501 949
201502 860
201503 0
201504 0
