200601 793.166
200602 724.064
200603 821.851
200604 895.344
200605 922.182
200606 871.240
200607 817.201
200608 845.447
200609 753.527
200610 582.603
200611 549.537
200612 702.284
200701 869.295
200702 462.243
200703 551.323
200704 622.217
200705 483.443
200706 795.906
200707 862.942
200708 657.745
200709 714.028
200710 844.110
200711 1.350.216
200712 1.321.760
200801 1.461.770
200802 1.479.621
200803 1.322.352
200804 1.442.667
200805 1.671.383
200806 1.416.864
200807 1.384.994
200808 1.285.183
200809 1.214.390
200810 1.272.301
200811 1.152.170
200812 1.148.663
200901 1.175.776
200902 1.103.921
200903 1.086.917
200904 954.914
200905 1.142.456
200906 1.084.021
200907 865.836
200908 1.095.693
200909 1.044.096
200910 646.273
200911 688.243
200912 841.059
201001 756.437
201002 692.310
201003 523.928
201004 580.756
201005 708.873
201006 942.577
201007 1.005.589
201008 471.673
201009 667.921
201010 679.938
201011 716.852
201012 703.726
201101 907.053
201102 703.216
201103 480.994
201104 312.372
201105 659.103
201106 657.845
201107 616.365
201108 468.479
201109 432.882
201110 386.788
201111 451.942
201112 502.748
201201 527.501
201202 441.593
201203 412.132
201204 314.503
201205 266.100
201206 364.467
201207 381.837
201208 469.086
201209 266.943
201210 476.286
201211 400.390
201212 364.111
201301 335.143
201302 311.588
201303 271.860
201304 287.505
201305 320.233
201306 287.143
201307 448.395
201308 399.896
201309 299.112
201310 433.610
201311 332.887
201312 372.172
201401 272.698
201402 272.899
201403 322.332
201404 281.174
201405 303.644
201406 284.151
201407 487.029
201408 386.477
201409 370.368
201410 328.041
201411 319.408
201412 313.892
201501 374.926
201502 311.721
201503 279.620
201504 303.383
