200601 28.411
200602 24.967
200603 27.925
200604 26.406
200605 26.792
200606 25.458
200607 25.521
200608 27.294
200609 25.782
200610 26.827
200611 25.869
200612 25.313
200701 27.739
200702 12.819
200703 28.577
200704 23.525
200705 22.429
200706 27.071
200707 28.043
200708 26.629
200709 26.070
200710 24.309
200711 27.993
200712 28.214
200801 27.851
200802 1.162
200803 179
200804 545
200805 446
200806 0
200807 42
200808 0
200809 12
200810 0
200811 0
200812 12
200901 0
200902 0
200903 0
200904 0
200905 968
200906 1.004
200907 2.314
200908 0
200909 54
200910 59
200911 136
200912 53
201001 368
201002 201
201003 79
201004 12
201005 796
201006 1.916
201007 2.123
201008 15
201009 2.272
201010 2.048
201011 2.056
201012 2.099
201101 1.901
201102 1.281
201103 1.524
201104 1.822
201105 1.683
201106 1.839
201107 1.769
201108 876
201109 1.790
201110 1.821
201111 1.894
201112 2.346
201201 2.040
201202 1.961
201203 2.220
201204 0
201205 2.125
201206 2.037
201207 2.105
201208 0
201209 1.989
201210 2.296
201211 2.128
201212 2.061
201301 2.077
201302 2.036
201303 2.163
201304 2.273
201305 1.448
201306 1.070
201307 1.278
201308 0
201309 2.154
201310 2.338
201311 1.841
201312 946
201401 1.417
201402 1.208
201403 2.153
201404 1.424
201405 4.148
201406 2.815
201407 1.912
201408 493
201409 1.202
201410 1.343
201411 1.673
201412 559
201501 246
201502 658
201503 1.518
201504 1.549
