200601 869.087
200602 776.110
200603 855.821
200604 926.918
200605 949.695
200606 905.550
200607 898.196
200608 894.197
200609 815.480
200610 637.672
200611 579.089
200612 728.285
200701 897.763
200702 476.844
200703 592.596
200704 648.935
200705 513.406
200706 832.052
200707 898.235
200708 691.115
200709 758.057
200710 876.310
200711 1.382.998
200712 1.356.368
200801 1.495.547
200802 1.486.354
200803 1.327.778
200804 1.446.682
200805 1.671.850
200806 1.416.864
200807 1.385.036
200808 1.285.183
200809 1.214.402
200810 1.272.301
200811 1.152.170
200812 1.148.675
200901 1.175.776
200902 1.103.921
200903 1.086.917
200904 954.914
200905 1.144.825
200906 1.086.256
200907 868.150
200908 1.095.693
200909 1.046.047
200910 648.213
200911 690.400
200912 843.217
201001 758.629
201002 694.530
201003 526.308
201004 583.058
201005 710.734
201006 944.493
201007 1.007.712
201008 471.688
201009 670.193
201010 681.986
201011 718.908
201012 705.825
201101 908.954
201102 704.497
201103 482.518
201104 314.194
201105 660.786
201106 659.684
201107 618.134
201108 469.355
201109 434.672
201110 388.609
201111 453.836
201112 505.094
201201 529.541
201202 443.554
201203 414.352
201204 314.503
201205 268.225
201206 366.504
201207 383.942
201208 469.086
201209 268.932
201210 482.753
201211 406.664
201212 369.640
201301 337.220
201302 313.624
201303 274.023
201304 289.778
201305 322.481
201306 289.131
201307 450.742
201308 399.896
201309 301.266
201310 435.948
201311 334.728
201312 374.222
201401 274.952
201402 274.914
201403 324.485
201404 283.434
201405 307.792
201406 287.787
201407 489.330
201408 386.970
201409 371.570
201410 329.384
201411 321.081
201412 315.020
201501 376.121
201502 313.239
201503 281.138
201504 304.932
